1303173
1293374
1305690
1291875
1296987
1291832
1291847
1307014
1292434
1305164
10537853
1292268
21937445
1304022
1292233
1291818
5912992
1292365
1291841
1394218
3319755
1862151
1291853
25798222
1292269
1780330
1292229
1292064
1292218
1294300
1292722
1293088
21937452
1292262
3732800
1304447
1292067
2209573
1291548
1292272
5964718
1329936
1292065
1297192
1291990
1299603
1295644
1291546
1296253
1293566
21360417
1291580
1292528
1292994
1293182
1297447
2334904
6985810
1292052
1292646
10777687
1292275
1292000
1291828
2132220
1292224
1292328
20020577
1308777
3792799
3541415
3011091
1292233
1308741
1293350
1295124
1900841
3804891
3793023
4861627
1292343
1296339
1292348
1291568
25917973
1297570
1298624
4023638
3075287
4230918
1291557
1295629
5908478
1306939
1292764
6080840
1292656
1303037
21352814
1297574
1303394
3011051
1293889
1308747
5977835
1309027
1292402
1292062
2213597
1291999
1291832
2080007
4826419
1291870
1292214
2160611
1300299
1293839
1292001
1298385
1292720
1292222
1297863
1292063
1397546
1300616
1292213
6786002
1303173
1777612
1296141
1300678
1291545
1292338
3006309
1297630
1428166
2124703
11525673
1293964
1292925
26289144
25766529
1291879
1299799
1294144
1291549
3743114
1849031
3742360
1925300
1292217
1291875
1297862
1300992
1301061
4004731
1316510
1301169
1299062
1295409
1299361
1907966
1291578
1301198
1291562
1300211
1293731
1316565
1306249
2002683
21318488
2020975
1292223
1578503
1292553
1806543
1292532
1756073
1292895
10462925
1306029
21937438
1322851
1299398
1296519
1301616
2038365
1299131
3205624
6538833
1899616
5960606
1303418
3041749
6019180
4798707
1292329
1302325
1418752
1306861
1294285
1293353
1292574
5364952
1301459
1292728
1292208
1299166
24879820
1293374
25750969
1292271
1304868
6844868
1293698
6537486
3011308
1316572
1422954
1301509
1401282
1959195
1299231
2037012
4739952
1294408
1294746
1305903
1793929
2131459
1305179
2297265
1388216
3013046
1293544
1297018
1806555
3073875
1305725
1291822
1408312
1323749
4920528
1652587
4917726
5322596
1297894
2027149
1292778
10438426
1296736
3824672
1308755
1293135
1298241
25926267
1889243
1294699
1308575
1950148
1308252
1300636
1859036
1291843
10833919
24750126
5250349
21941283
2132495
4913185
1293749
1293527
1309163
10537853
1857099
1303415
1297518
1299235
10558854
3072086
1293351
1302542
4902937
1301171
2133323
7155005
3011997
1291584
4280770
24405378
1485260
1780330
1291560
1295399
1294364
1307739
3992381
6307447
1298653
3287562
3274505
20438962
1297223
1438652
1422917
1292444
6534248
2222996
1296987
1851857
20255014
6722879
1294433
1294584
3073124
25890005
1433990
1302090
1388176
4914468
4746257
6539385
1300498
1296935
1306032
3006772
3789848
2003389
1297606
1298644
3168089
1304898
1291842
2367134
1417598
3731581
24719063
1300718
1295686
1308476
1452560
1303246
1299680
1295873
1416904
11026735
6753166
1296384
1295070
1304560
1292396
25798448
10574622
1293028
10508876
1997681
4830236
1296909
2081493
1292060
1292401
3233635
4066125
1323746
1299436
25955491
2353023
1417545
1469049
1293434
1298093
1303877
6846495
3178770
2053515
24875534
3145126
1307265
4901684
1293181
1437342
1308074
1308817
1296217
1482090
25932086
1309201
1849959
1937257
1295045
1296925
1307766
1947080
2999500
21937450
1292440
1309064
5155038
1300930
1291579
2030739
2355582
1293945
1307748
1295485
1895120
24324730
1295318
3032468
1293846
1293381
1859053
1291586
20388224
1308162
4230878
1301445
1308995
1296230
1770153
5924362
1300122
1793903
23712691
1300374
1292829
1291581
1293853
6536180
1438021
1400868
1307389
25807345
2122766
1306870
1308776
2036272
10574468
3195060
1295490
1297909
1297294
3120171
1295460
4206357
1293213
1301753
1302753
1309206
1305509
3364223
1783457
25919385
1295872
1297068
6799191
1294561
3446815
3006327
1299080
3550132
1294570
1300300
1305279
5997849
1292352
1316693
11523504
1292468
1292973
1301231
1296693
1961844
1308480
10741643
1304660
1945330
1293399
1296235
1294140
4843637
1307698
1293172
5044737
1299250
2230905
1301337
6872244
1292504
5919538
1303588
3157605
1298635
10463953
4009651
1300282
1303333
25964071
1298505
1302050
1949377
1292484
1291543
1309160
1300543
1305466
1294039
10439235
1295451
1308927
26366465
1301746
1867787
1309004
1294720
25723907
1296770
1295728
3024654
1305053
1305619
1301230
6900092
25717233
2042981
2146991
1306842
1767042
2132917
1292288
1293167
3077791
26311973
1294058
1432146
1293537
1877016
1929463
1474671
1293155
20279443
1305158
2084721
2056093
25864085
25746375
1301336
3743049
1291571
1292697
1297102
6803494
1890813
3793783
1298905
1294323
1292812
1309101
1292330
1294829
7065154
25870084
1297852
6549903
1309170
3011235
1297418
3596502
5908482
10485647
3023164
1300056
1300618
1303302
10561898
2279040
2139766
1303345
2976111
1293899
1302467
1301617
1303651
1485319
1308974
1291844
2357302
1422909
1308086
3060325
1463934
5972040
1293317
1308843
1441238
1309202
1296454
1771288
1296837
1293013
1298973
1299737
1981242
1300303
1428208
1441409
1418076
2974278
1796778
7046723
1299027
1474185
1300043
1432972
1418200
1790239
5247058
2365260
1783575
1295374
1972729
1298563
1307319
1920805
3011093
1303285
1295480
3642835
2129039
1301167
4903613
1401118
1301216
1295995
1293147
4873490
2209575
3642843
1771061
1293936
1291561
1293475
1778678
1293394
5344178
1295242
1291976
3338821
3395373
1303408
1292659
1292515
1316513
1305071
2033187
11529526
2978639
1300352
1315316
1300117
4915857
2124586
1858711
3805953
1307584
1302355
3737102
1295647
2303163
2369549
1293460
3269018
5681006
1793491
1779498
1292056
6129693
1303388
1306607
3671995
1434283
1292280
1298113
1867345
2138299
4304402
1303416
1422914
1302165
1293820
7054120
1297441
1293753
3269068
1457410
1299517
1293995
1300241
2300586
3769423
1498811
1294181
1292521
4091548
1298345
1298744
1293359
2357162
1300659
1297531
4312232
1302642
6094945
1298006
1292332
6982609
11516684
1292465
25817712
3992376
1299412
1309120
6386345
1298351
1292267
2028585
1293045
5155795
1835843
10740231
11443314
20278505
1297657
1303630
5286821
1914831
1295340
11599147
1437109
1761920
4824512
1293608
1293192
1305058
10467774
5323968
1292932
10726990
3233761
1293827
10533913
11523496
4861417
1298817
2999913
6390823
1305858
1293270
1296821
4935011
3148748
1440703
11584019
3804629
2132932
1305265
1294418
1297290
1293708
2044089
1305724
1920796
1296879
4202982
3011049
4237879
10485526
2042092
1296157
4180445
1792928
3731626
1292857
1292840
1402056
1307449
4212172
1292649
1866479
3552028
1401236
1294595
2156296
3120852
1416877
1298656
3683409
4132395
1917086
1297012
6521902
6011806
1947266
1292624
1301122
24839091
2170916
1294809
1905777
2161696
3603547
1293047
5308265
1297747
3011414
1299997
19973780
1306951
3642866
1292785
6395245
1980405
1394447
5353344
3284397
1309172
1296201
3389591
1298884
6800483
4016948
3036478
1295753
1293256
1299745
6123978
6985986
4829835
2067450
1885124
1300566
1303561
1298320
3706859
1302077
10521648
5908473
4191644
1292264
1301646
3238076
1297127
1464368
3263169
3103418
4884118
1303936
10577869
1295684
1303465
6771529
1417999
1963070
24708811
1293908
3181788
1296917
1309016
1296794
10438691
1292541
3592859
1299840
20399278
1293335
4915107
4116480
1301715
1959277
1303801
1298733
1760027
10563779
1462243
3566709
10808442
1293555
1306421
1481014
25954475
10830069
1994876
1308708
6843843
1400650
1297991
10437779
1395458
1307372
1293073
1827713
1307535
3250377
1428178
6879185
1298038
3077739
1292664
1304257
1310175
25862354
1293448
1296272
4798888
25773932
1304585
1294589
2076181
1293824
1299913
1309220
1291577
1293825
10535568
1305793
1294665
3338851
21941804
1292962
1477506
1305902
3011574
25834457
25787888
1422950
1294950
2132412
4301274
1308757
1299967
4059245
1892848
1927686
1291575
1419974
1297599
2363506
6845667
1293164
10487226
1437847
6097775
1292669
1291573
3236904
11594901
4817901
1456774
1421809
1295965
1292326
1428878
10727678
24741412
25747028
1892530
2174535
5183361
1298266
4176542
1466007
1844413
1294833
2037796
25809902
1949329
3217128
1309184
1300946
10487238
1297478
1306737
7059671
24751756
25798252
1291582
1293650
2127788
3600972
1292988
3317370
1300966
1294766
1417910
1422306
25905519
1294371
1937621
1760104
1353745
1302205
25710797
3071509
4049700
2080294
3094909
1400829
6557030
4291275
1295646
2139553
1947549
1292279
1308047
1322674
25867546
1305790
1303794
1297995
1307956
4290915
6126506
1293342
4168733
1300044
1401535
1305119
1298191
21965464
1301757
1307696
25766754
1301756
1298026
1305308
1303543
1428177
24879816
25752261
3135483
1305306
1437339
1302176
3224592
1294948
1309011
3011617
10558411
1298043
1304710
1306449
3005367
10438908
4300640
4160540
23761370
1419984
1306455
3718782
1292238
21937434
10727641
1298041
1441801
2147854
1508411
6874403
1758333
1297007
1294852
3009161
3769443
3336237
1293683
25724855
3072888
1295280
1291839
1307561
3749948
25757182
1308762
26393561
1294801
4099242
1295583
25745651
10773239
1305579
3592854
11510624
19945757
1294345
1292226
1300555
1299103
3041261
21624974
2998373
1483239
1962968
1300696
1293175
1293515
23788440
1291850
1295384
1303274
1291848
3324578
3097525
2284851
1303186
1424639
25823132
21770915
1418714
1303164
1293531
1302431
5919334
25794230
25785124
24743711
1298261
3805946
1304608
1309165
1300656
24815502
1296049
24815950
1301678
1294183
1462568
1295527
1300106
1295250
1308804
20397453
10735399
25859495
1820156
3071604
4851900
20276520
3059472
1483424
1300644
10546747
4202302
1306662
1309012
1292977
22313102
1433183
6905169
5985888
1293388
1750027
4767216
7058117
1296835
5975206
1479377
1892333
4832288
10491641
1295437
1302271
1482055
25819229
3040438
10594927
23776064
1306666
26235839
1301530
2080549
1294621
21263666
1292848
24759014
1299952
1294138
1300813
23712401
1308346
10571509
1301578
1939173
1295253
1905666
5374383
3004233
1302675
1578553
1306848
3008892
1794171
1401510
1307542
3707070
1292211
1610631
4925455
1970437
1305066
25856577
2223596
1422091
1291559
1305069
3212120
1482698
1297931
1306612
1293071
1578510
1292047
25717896
5152536
1296703
1292827
1451393
3066739
1292719
1293671
1292049
6730004
1861935
1303757
3017865
3715144
1298655
10440138
1296001
1303577
2326212
1945684
2137492
1432180
1294486
1308822
1303562
6973376
3056430
1421934
4845728
1966759
3024392
4728584
4132407
1866473
2074009
2301079
1436900
1300529
1297145
1483668
1420006
1292766
3217894
4724739
1853621
3718460
20326665
1293492
1300787
1294475
3443388
4195582
1418614
1308599
3649049
1299786
1418519
2265494
6560058
1304132
1473562
1295328
1361276
3360975
1793671
3003842
2136824
6082518
1307371
2988103
2029638
1298412
3193460
2255476
1293234
5155793
1294979
1297763
1297689
1307193
6041191
3217169
3271145
3431802
1416722
1296011
1300766
1309078
1468030
3001472
1389915
1296399
6011805
1293973
1419958
1304726
4164444
1862770
1301537
1300306
1293817
2059310
1292769
3263820
1308997
1296978
3155477
1424654
1295287
2997094
1757945
1951120
6861583
4896263
1414806
1294991
1471740
1418691
2133379
1292760
1307577
3153700
1300712
3230459
1294477
1309109
1295080
1949811
1293118
10745399
1440954
25751312
1294901
3113423
1768993
1295416
1300267
2969582
1761172
4016551
1292342
3723814
1308583
1294644
1298204
1304580
1293929
4237043
1326538
1309043
1297347
2020617
10558850
1422024
3040026
3282005
1298694
2361386
1305309
1296753
2237378
1299182
1296043
1300741
1293919
1305605
3586511
1309032
1292969
4300525
1305096
1304436
1304318
2129132
4268610
1768647
26259677
1298526
1295865
5318665
20501030
1470499
3115106
1292674
1946651
1295870
6880497
4062922
4068362
1305487
1291840
1418158
25919910
1958031
1309135
1309000
5951337
1307332
1401585
25835293
1293171
1291846
20441632
1422940
22265121
1493481
5450891
1292349
5935802
1296577
6531245
1303001
3231742
1294998
24869803
1793764
3264234
1291854
1301788
1419903
1297200
2016065
20399271
1401385
1295815
1303053
26304167
3012385
1292286
3586725
1307747
1297440
1297229
3792868
1306802
1828568
3055323
1300599
1302313
11589036
7152895
25747030
1433676
19962587
1401524
1303362
25704588
1299837
1305672
1308991
1292370
1889393
2376413
3104794
1294244
24902750
1410556
1297648
3629232
25777594
3023422
1419520
1305463
1292287
4298405
25862355
1309103
1293569
1304934
3645150
10484041
1308570
1418834
1493913
26438863
1297918
1994576
6535907
3637305
3403107
1302082
3530403
1302958
1499148
1866475
1437422
24858414
5977478
1308773
1482107
5322572
3016187
4305436
1395776
2364834
4839318
1303087
1761851
1498825
7162146
1389924
2253851
1767709
1299288
6724974
1303600
3631187
1293385
1296459
1761849
5152678
1301359
1294580
1306236
1306663
5382911
1293320
1293203
1301859
6890730
1299153
1401383
1299348
21339392
1305915
4022090
25858604
1293818
10441174
3013580
1306057
1304374
25140779
1299698
1298128
2137060
1303439
1849371
5924366
1964595
5325354
1291859
1325958
1296579
20490940
2124692
5422105
1308419
25855951
3732499
1302947
6799159
1303531
1292943
1302425
1780342
25938856
10740264
3188328
1292682
1296824
6511042
19955828
3388057
3586471
3346304
2077287
4719085
1299221
1296389
1456503
3211336
1304056
2004613
1292790
1306213
1292212
1309017
1299513
1306019
2078159
1301021
1298452
1302977
25853727
1296946
3239892
1305804
1306069
3011581
1302474
10758799
20388223
1390021
1306914
1293428
1293389
1309047
26011893
3626365
1426881
1390020
1292981
24371128
1294978
1830941
1418998
1293455
1401842
10831449
1298870
1509868
1296501
6123843
1302056
1316555
3292949
1949320
2910660
1301425
4286017
2132120
1292784
6040982
1759975
1433360
24325923
1401894
1427437
4709904
1302597
1917973
1929497
1306524
6080775
6985803
10807909
1870044
3804470
1291572
1304073
1303436
4075568
1815687
4913200
1301148
3025447
1298759
4847665
1756809
1306526
1966182
1460996
10745405
4133251
1301867
20415220
3182426
2028669
1298070
1389971
1302554
2464346
3718269
25757061
10546666
3504940
1304251
4196129
1294639
10573695
2156069
1767732
3793798
1844763
2257732
1291583
1292921
1419904
4154669
1295991
3057495
1293530
7052383
3338879
3008672
3193968
1789283
1298382
1295229
1308807
5959260
1292820
1305060
3212133
1303545
1949312
1307955
1295452
2132491
1301775
1793200
1864541
1299434
1297359
1875488
1305065
1292337
10792650
1756843
26263504
1291558
1292704
2074035
1306564
11810348
1302178
1304854
6991110
1307746
5908479
25780578
4307349
1298521
3101548
1307895
6528112
1485962
1389938
24722875
4129619
6041220
5262027
1422040
1308367
1421051
1295635
6070226
1889242
3214153
21360412
1578507
21871405
1303495
1299643
1309203
1298667
1307702
26200413
1306509
10827341
1764251
3629215
1295614
1292822
3111355
3089638
3072185
1293564
24404677
3807875
1444511
3199971
1300115
1498831
1309209
1470600
1297737
1421469
1301161
7006540
1294925
1307593
5279640
3206298
1305257
1293952
1963067
25850443
1298880
1858268
21776863
1293755
1304567
1756584
1299135
20453772
3078609
1296332
1293976
1303898
1292908
1302927
2054933
1299243
1296360
6030611
2036862
25745494
1294737
1309085
3228352
1298308
1300426
3819939
1781126
1306809
1470614
1299502
1292225
1293216
1369831
1297228
1887455
1470591
11627124
1459368
2081098
1302827
1303195
1929402
1293852
3059403
1419976
4097466
2977766
1307545
1293198
2080572
1292681
1304210
2310051
3285642
1871800
2057552
1295211
1945628
10521937
3023717
1299898
3066083
1895119
2299380
3068206
1296535
1298337
1299608
1299663
6390832
2255841
1303043
1293433
2029129
3268171
1292579
24742719
5401681
7564114
1300361
11594943
1304209
1303922
1292457
1297382
1865012
1308713
1300069
3006769
3736691
2336785
1300575
1305883
1293442
1293584
3158432
1293310
25925430
4705044
1309052
1306011
1294713
1294005
1304496
1300487
1305175
10792633
10439236
2156154
1297785
1307931
1810637
1437774
1303170
1294276
1889424
3901408
3641108
3254235
1901329
1309177
1294160
1305197
10581318
4822848
1301620
20504960
25728010
1306466
1305575
1421928
1906298
1298339
26419637
4215790
21334420
1428877
1295675
3436615
1297187
1301052
1889152
1428421
1292501
1295785
3279107
1299120
6869412
1308987
3771562
4312248
1292729
1466897
3897667
2251924
1292867
3072779
1296008
1775766
3213270
1294165
3153894
2049435
1309084
1930582
1297790
6524015
3206352
1309196
1867332
2155359
1299209
3607666
1299858
2213591
1300751
3072889
1872105
1422925
3718493
10528383
1790198
1295655
2156733
1469072
1295547
1293831
3444558
3927750
1961963
1294842
3632504
1297907
1292739
1295746
5384601
6430835
2028840
2132187
24885205
24325798
1303089
1297248
6886896
1293762
2216966
1298591
1433330
4000431
5327474
1476422
5989818
3217165
1300514
1293482
1296137
1293695
25900101
1305080
2081739
4032539
1424627
3136240
6772519
7064681
25750820
1303066
3005875
6887029
19975472
1389949
1309116
1789384
3218841
1401915
10535562
5399908
25738406
1300894
6738775
3148035
10754780
10598440
1293120
3154695
1419211
3012013
5262338
22733673
10799503
1401269
1308819
1296927
1418903
3606971
3012053
1434273
6123847
1301345
2265743
1299287
4848115
6872273
1301001
3059582
3236458
3833816
3276019
1297260
1292703
20388613
1304102
3560787
19976810
7564972
5349206
5990339
1293741
1294754
6030607
3158564
1306588
1299433
1945780
3654340
1308704
1769033
1291574
2240990
1422922
23752579
3071469
3401244
1302100
1771925
3299241
5214429
1307474
6889400
1291857
25845397
1301922
1302500
4066127
1422957
1298331
4004715
1302898
1292699
2992881
1498658
2053339
1295913
25958704
4253448
1302349
1899630
1340522
5959696
1304642
1309099
1297812
4088855
25882861
1958400
11594900
1296845
2346994
1904505
1300745
1294358
1295432
1297866
22203896
4714583
5273313
1294877
1466731
1962316
24397586
1419982
1292585
1302724
1395231
4172626
1293258
2134897
1395459
1296112
26277313
1295903
1468716
1293632
1484760
2997296
1296993
1441602
21360431
1292210
1299560
3440075
1293776
2079735
20278502
1302242
1293341
1303447
1309183
2129914
1951220
1295064
3230165
1790577
3102668
1300868
6849035
1304974
3017916
1297213
1292450
2998253
1293767
3602084
1299628
3780369
1296030
1945549
1299362
1292897
4807924
3540105
24735062
1296697
1304607
2072478
6829216
2144501
1295834
6829652
10757577
1483646
2133293
1863766
1469971
1292519
1296798
1298877
5355159
1422205
3025809
19902983
1973480
1789665
24714535
1297920
1303460
4221477
1432699
3026572
1307639
1472800
14021042
1945336
1471507
1301890
3228134
3217524
5149279
1296432
1305686
2056031
1301233
5996409
4146762
10554990
5244092
1292344
3284430
1498848
2067463
1440855
5416009
1292850
2158222
4896894
1929477
3078384
1765914
3073166
1994879
10608242
25881247
5996407
3011072
2361269
1293271
1308779
5937923
1299539
1293131
1815638
1297716
1361254
1296936
10562986
4303624
6856067
1292523
1476698
20273800
5681026
1937990
1293651
6724667
1296027
1306049
5387025
1783772
1307196
4206436
1297585
5905756
1292454
11500954
3152722
1296908
1303572
1308989
6396294
3346464
25881067
1474788
25750824
2044102
4844730
6091398
4253447
6853653
1793922
4179012
1303815
25750823
1305857
3430694
3392569
5501711
1439463
11591789
5433231
1294490
1474180
4074744
2239222
1922152
1296829
1294048
4158027
3728249
5032144
1874094
3071517
1300337
1293648
10344754
1300185
1308156
3212221
25908051
5240769
1297201
5351755
10535447
1436870
1300537
2070013
1308850
1305345
3711725
3358309
25741398
26297388
1295068
1946877
6875615
1296942
3819871
1296455
1297368
1770823
4099231
1440685
3542417
4095296
1301447
1298989
4603382
3532670
3796613
20444892
2141149
2382920
20283482
1309062
1294791
1299582
3012032
1301741
3215099
4707935
3059036
21350559
19944106
1306952
6877524
6721894
4054629
10796578
5377640
5273303
1951107
6518638
25963286
1424631
2978305
10439553
1755767
1309192
26647182
3578925
1772560
25955872
1306678
1483426
24839498
3110635
1293823
4900088
1472510
3078514
2274776
1482079
1829230
4111400
6833827
1298107
1741405
1418677
5323380
1419935
3143676
3006783
1307135
25813411
1307054
1294724
1891211
1420083
2268267
3193964
1864339
6900093
25931626
1292466
25767747
3069349
1305323
1308582
3243322
1790754
1588704
1857082
1293868
3314428
1307876
3071624
1295808
24527661
2146591
1428067
1417865
1295283
2077782
1293166
1482089
1418671
1292834
23165672
6021917
1949376
1297202
1308815
1301419
1308772
1439704
3212318
1302167
1292451
1293847
4745364
1873269
3183490
1299136
1293400
1309141
1417885
3290644
1293603
25723095
3743052
1301869
1295812
1301566
1950198
1295915
2355971
1308457
4022142
1305531
4023433
1299446
1293604
6875420
1297569
1308975
2150453
3834175
4934988
1303453
1470155
10438581
3914547
1788625
2003388
1293412
1299111
1995011
3745292
10740303
1301787
1307078
1401533
3818565
6755346
1293713
1301475
3707151
1292907
1305183
4720358
24753685
1297194
4301253
1308587
1866471
11501396
3113757
1292892
4103021
1299767
4291263
1294114
1293590
6829650
1294671
1308288
2138838
1297929
1294549
1294697
2242156
1304744
3543965
1297670
1303808
21965529
2334814
1306130
1401261
24852462
1295106
3212310
1785021
1483577
1293816
4930402
1441718
1464548
1293480
5446203
10590733
1304199
1300143
1822108
6402151
1299256
1440852
4189639
3445457
1440296
1308799
25794024
4074143
1295273
1308281
24522843
1389995
5250330
1418070
10484601
2132486
19957083
2990737
1298056
10438697
1300904
1293177
19964002
1297576
1307582
4838179
10755584
1962115
1473795
1298291
1417730
1939174
4843480
1940086
25840705
1419924
1293004
26059437
25895901
19964013
1400673
1433633
3731349
1783462
1307384
1401908
2371861
25942234
1309080
1790609
3878696
2971867
1293377
25951720
1300551
1305596
25853639
4832825
25870236
10740274
1793919
3162953
2160064
20645098
1957795
1294863
6888712
1293926
1300774
3021213
1875554
1947056
11533347
24732958
5327268
25895276
1839718
1308381
4711343
1299213
2147874
3622646
3101734
25850640
1316560
21349734
1857405
4840357
25882279
3008671
1850797
3011380
1926142
1293493
1304522
1303871
1306471
11624706
1759762
20436812
1469239
2027938
1299536
1482495
10466341
3008143
1293690
1418018
1301173
3105162
1457217
11606328
3731463
26411872
1295221
2265740
1300945
1295006
1304382
1293330
3287750
1929441
3119246
3012012
1296890
1829654
1300220
3338862
1302487
5119273
1307675
3233609
1874226
3346417
1303831
2132425
1296674
1302582
1433038
5153883
1424622
1865085
1303031
1419981
4111416
1292289
3008712
11620515
1474487
5413813
1303294
26304268
1437390
2362701
1302276
4707230
1931425
2978357
1299661
1301020
5385724
4316668
24702267
1306626
2264143
1477917
3179758
25785118
1291868
1966139
1294353
24749741
1422086
3562662
2281707
1481917
4312967
4133237
10332552
1299922
3166635
3217122
25899822
1781001
1306609
1303680
1306713
1867335
4822845
2042121
3272978
1307657
1315574
1306183
4301278
5258036
2279772
1860745
1441895
5948319
4706257
1507151
1302988
1295038
1475805
3154909
6524238
6731992
1308308
1428378
3074533
1308456
1297003
2277135
1473128
21532748
3326710
1424620
1902832
1475572
1528222
4902100
1769048
1862826
1308530
2007345
1422101
1296636
1292911
1309199
3654346
1414803
1300287
1418128
1307840
20515892
1294631
2155210
1307547
2135821
1308979
1295801
1296924
1437391
10864706
1972721
1294310
1303407
1291587
3156032
1890572
1444595
26425088
1300375
3012010
3004246
23415048
10577681
4154944
24704862
4290704
1308018
1303082
25767612
2042279
1438290
5387045
1464633
3071461
1296154
1309132
19962568
1292750
1307853
2042219
3007826
4881274
1408298
2256034
3011552
1462370
2133403
5158101
1796085
6875265
1872628
3026357
2253822
1302209
1470603
1438066
1761854
1892504
6516595
1302284
20415226
25785314
1773217
1292660
1294871
1469165
1466277
1418570
19974285
6846893
1858233
3126187
1857175
26591650
1292759
20451129
1300790
1309219
10471540
1309020
11610281
6886490
2081213
3578680
24869461
3880545
2238011
3158990
2328749
1898357
3562807
11601131
6799133
2068188
4861408
5423352
7051900
1741559
2377262
1305878
1306808
25862279
4130238
10430875
1441612
25825574
2279839
3671986
1421366
2044081
2336737
2054070
3161901
20514780
25830802
5250369
25835306
1857933
1783461
4106641
1962949
1294927
1427034
1294224
25932073
1299904
5240875
3291178
1293070
1309162
2251569
1316506
24695390
2061185
10739401
1763939
2252773
1741924
3068193
2143913
1966126
5967829
1506769
1951318
24698878
24381567
10508878
3992966
1306445
1588945
2078906
3430331
2059321
6814906
25774126
2135981
10788846
1293986
2144242
24879770
3371652
1427038
10745412
4927336
1303976
1419445
1303847
1301687
1304856
1421737
5327188
3399850
1839857
4151284
1401887
1294461
3622373
1301442
3230023
1295320
10455077
1305367
6754616
1307620
3818971
2054932
1297090
1300685
1297756
1297277
3041753
1764825
1401920
2342530
1293694
1293921
1303637
1950896
1812328
1297110
24700666
1297839
3792508
1309193
3003830
1301689
25837574
1293348
1938587
3608742
2133368
1301342
4728518
5360033
1462631
1308110
5154197
1299586
1499251
4074009
1299176
20497905
4718369
6857606
1306295
2382777
3609001
4942776
1294546
2998439
1298202
1291552
1478926
2975908
1299665
1790045
1966460
5941455
1293792
1778624
21319853
5140934
1419362
5996800
1432660
24751154
1298256
1303448
1296435
4284085
1297965
5151820
25821461
5156263
10577854
20432985
1303304
1298998
1301033
1474738
2148778
1437275
6999855
1292941
4326072
11538029
1767604
1293543
1306025
2006364
6301361
1303347
6875277
1293513
23431760
1294456
2147836
1471586
1309195
4158024
1296832
1298015
24312655
20441283
1467806
1298400
4074158
7015793
1416728
1763526
1293505
2068073
4204586
25444447
20415231
1304534
3244162
3448242
24695277
1306814
1300064
26279366
1299365
3126196
3628789
6798389
1296897
6124012
10740275
1494928
5268675
2326529
4293680
6129692
3077840
1394163
1959855
2214140
1427356
6397173
1472144
2969478
1305564
1297833
1303084
1940867
3642305
1292765
3822631
2303719
1305337
1401378
6894263
3268216
20497633
1926706
2063867
6014999
3203808
21361009
7065187
1308770
10521893
10531237
23712710
10792322
2364982
1419416
1299067
1440363
1305086
1308756
5968834
11610536
2349928
1875985
1307921
1424640
1297587
2354729
1300943
26245360
1302110
2031628
6518714
1301214
3071471
1987036
1788431
1476926
1291585
2345021
3054150
2056066
1304582
1478063
4145549
1293431
24530943
1293503
1982581
1300392
1307811
2976100
1299964
5153481
10440112
1296140
1466290
3141780
4221633
1296852
1482105
4935242
3073218
4032746
3008253
1301468
1303856
3044756
1945785
1780982
1305113
1937911
26184109
1306536
1441889
1779321
3055049
25812507
3564499
1463433
4582944
1296284
3614963
1440359
3073198
1441763
3532614
3166574
3592845
1862595
1441189
1306523
5977836
1448758
3124151
3025858
1299576
1301164
10763164
1303660
5423362
11639147
1300080
1908194
1295078
3057368
1326208
1303423
1301649
2974273
3025265
20266753
11232686
3450445
1960257
2133409
1754927
1303293
4892630
1322848
4301662
1789292
2268042
4826330
1293653
5502697
2063914
1300595
1917165
1309151
4301285
2141630
1401906
5151892
2038174
1853686
1294169
2149465
1302006
4038374
10441161
1303026
1422951
1293150
1400667
1294388
1422279
1304863
1438300
1297112
1298366
1921583
1853176
1401604
1305288
1307456
1296588
1309185
1305552
1305791
1308751
1305956
1296067
4914656
25881628
1293692
1298893
1297489
1416946
1297474
1309071
2141760
1299900
6128922
1293764
1444502
1920144
3808604
1962116
25800837
1296610
3233751
10428476
1302394
11625417
1294627
6736927
1308972
1307678
1296664
6808713
2138310
1448277
1300446
25785114
1914599
3033085
11507683
6524251
1476755
26411518
10741871
1771629
1293292
1866487
1305003
1300874
21356379
5954494
2265833
2084502
3992363
25835196
1296537
1293565
1296634
1294506
3610676
11600071
6875543
5151894
1308113
3025844
2265805
2363925
1455849
5180693
3284392
1296874
6717601
1305114
1292555
1385567
26282138
1307260
1293259
3727603
1305561
1306604
1293042
3432847
1295742
2031586
2266113
1853749
2332379
3412882
1978095
5161934
1303897
25802350
1302684
2267155
4849720
3734112
1294000
21371664
1437377
22994672
4019612
1307027
1292881
2998270
1758363
1307012
1422340
4138137
1307973
1303983
3007070
1299311
2228536
3578981
2130163
1308063
25853449
1897294
3243344
1420012
2146945
1306160
4067180
1295155
20388271
2084048
5152333
1467094
1295518
1439488
26307094
3623024
1292959
25870091
7061185
1307922
6524263
1470390
1305067
2226510
1484052
24383276
3006416
1306755
1308376
1297626
4799465
1932889
3008271
10594965
1420268
1308715
1304124
25898213
1856875
1299809
1307249
3327338
1306111
1917252
1950733
3041269
1292803
1945800
1296061
1299607
1298561
1300977
2299846
1826749
2264715
25829829
25932513
1866213
1306212
1469105
1303065
1765272
1297476
2371909
1471815
5206525
1298432
1304600
3005365
1300484
1758482
1433556
6902929
1870004
1296250
4917906
1309090
2342491
5996847
1294753
1419271
1298586
1419584
3087326
3442857
2058121
1400668
1304288
21327493
1436824
1296866
1752181
1294990
5240540
25750719
1410822
4022091
1480544
1306733
1308619
6226837
6053679
1498629
1307819
2252771
1307527
6719716
4007879
1308778
3060582
3283192
5913837
4110164
26337359
22518619
1920620
1858267
1294131
1298468
1301632
1903381
5326589
1418108
1301600
1974407
1309136
1461188
24532463
3416676
1296129
3405642
1292397
6040359
1755985
25747095
1309215
2342678
1309021
20375510
2240855
1297152
24869399
1306511
1294100
1578723
1301098
4023396
1297419
1783062
24753687
1295402
25802322
1293449
1959851
1418997
6517421
22183063
1841467
1308024
1297736
4188284
3637220
3927734
1292735
5414629
6738735
2253586
1417215
1306378
1300259
1300752
7051471
25825863
1301398
1824003
1297643
4704891
1298982
1308816
11499033
1307130
6877520
1301056
1853272
26312967
1427319
2367243
1892526
25741390
2046839
1299440
1303758
3360087
3138617
4885994
25899439
1850660
1578643
3263814
4082247
1292757
1471833
21351006
1874938
1309051
5208150
1296242
3036473
1295148
1297415
1966355
1302868
5979003
10617158
3305739
3993542
1292779
3243752
1292341
1307687
1300845
1394064
1302762
1308176
2264077
3073079
1299125
5380919
2028417
3212400
10438582
1309178
1394518
1418016
1292626
6827727
1428007
1297101
4030657
1401531
10793719
1301582
1298401
10438585
2383044
22637441
1300938
1850465
1418052
1300713
1306671
3006092
4179007
10553750
1936563
5360890
10558252
5950117
1300343
1303074
3572062
1941581
5985887
4826409
22853670
6010171
1292965
2028677
3230195
1419136
1294174
20277361
20470074
6829660
3926927
1308628
2003156
1309070
1987561
5299006
20451124
1301806
3533870
1306824
1306381
25827270
1866354
6855097
1297100
26262806
10355329
1297611
1316698
1438425
3993498
1309038
2028027
1293702
3285050
2367876
1937946
1293656
6859676
23025359
2141737
1827018
1300031
26297389
1929438
25747689
1920907
1294997
1470602
1457219
1305010
3034034
2010972
3011996
1296666
1296947
22508259
1297792
2977731
21329355
1309035
1292871
2134296
1294047
2282456
1296260
3074682
21324289
20381199
2043014
1293572
1309049
1304901
3829499
4728881
1292930
1308960
4723096
1308670
1461865
1308999
1299092
1300755
1292588
1304738
1438746
24529337
1294874
10432911
24695966
25826239
1482075
1302367
1293838
4858035
2221594
1306758
11500309
1292509
1949328
1908181
2131468
1298328
1930829
3273441
3011108
6837235
1470592
3148956
1292505
1418190
1793909
3602096
1292667
2252775
25786077
1302802
3148064
3022440
1303283
3011550
20388680
1294986
25884416
1972698
4301215
1293454
1482051
1292877
1309003
6757776
1309068
20394480
1940094
1295414
2988506
1301549
3156124
1309091
4246569
21332535
1297881
5993185
1958926
1295207
5153008
3058964
1394968
6430691
1305095
1298162
24525283
1298622
21766698
3195806
24858965
1483811
4902951
1421778
1305643
1293815
1300246
11614065
1964510
21323710
3240084
1510403
1812767
1300085
1296929
1720137
1474974
4709671
1401504
1307184
1307323
26242647
2118235
19975090
1307919
1305410
3892180
25936400
1463224
1457905
1293865
1776803
1297981
2275255
1308111
6529847
1800626
1309166
24754082
3073158
1506770
1457768
1308848
1300819
2111619
1904612
1308232
3195735
4319017
2297203
10450713
1440174
1305016
1308851
1294710
1949310
1302344
6808683
1308616
1305460
1506760
1304813
2127789
2335117
1303717
3078403
1305620
5153310
1422913
3329336
1294971
1303141
1299359
1297291
1303168
2061612
1308046
1305430
1305274
1506813
1308761
25755547
1307487
3032434
1422986
1506775
1298227
3730325
1421739
6041199
3001149
1308564
5416018
1294718
2375627
3569911
1898223
5158650
26258752
1309028
23062125
1763691
25823833
1408103
1291852
24532478
10605440
21329738
3005387
25709273
2263112
1860073
19977881
2265098
25887018
1794184
1301106
1757164
4821015
10486471
24757324
3179706
25783854
3442585
1958587
1777570
3284396
2979552
4007916
24889144
6875611
2992042
1756489
1298574
3011094
6870514
1874935
1299769
26365723
1917313
1304155
2033530
1764342
1303034
2138985
25722262
1293779
1306988
7015732
25815426
2132930
1306805
1305333
4736002
1303724
20427090
1434269
1306008
2080849
6970694
1892826
16475702
1306924
25785003
1303781
11599090
1308752
1439713
1914652
1293417
1484218
25662049
4097377
1844184
4125000
1305934
10605948
6079983
1303340
1418408
2160018
1303245
1294139
6041817
11632586
1301686
1987408
3221369
1417901
3036564
1307320
21355933
5968334
1462178
3114117
3426918
3036477
1470403
1300568
1325007
3279080
25900045
1306283
1292906
2973451
6126757
3897734
4312428
4100696
1304603
1472038
1906051
1441030
6809560
4156402
6875402
1423031
1457319
1860656
6809548
1304978
4707205
1765031
2244169
10604851
6875647
10522066
26639958
10546696
2004082
1307548
26412106
1962230
10526498
1294982
4301181
1440030
20388691
1741703
2046539
1293286
3001077
3155961
1304677
1434049
25761178
3008715
1434550
1484148
24751805
1307221
1305398
3823881
1400666
24321344
1305136
5165449
1437541
26372545
1301865
1946291
24374245
2089388
1309100
3009079
1478582
1298359
10741220
25922902
1309026
4120634
26292143
26602200
6876020
6873042
2996790
26147706
1294315
1297944
1765933
1828395
1304971
1306955
1294366
3569996
2368641
1295333
3006424
1851767
1306634
1419934
20433471
1303145
2137737
1302109
1844736
3826526
25947154
1296218
2995721
2337773
1299530
1300183
1298297
10459051
1300266
1294098
1850910
1307023
1997938
1303485
4172624
5173709
1297561
1298437
20278801
1308579
1308290
3397503
1306191
6534064
1307528
1308865
24530627
10743804
1903408
2075503
26323045
1305224
1298348
1295187
1298252
1295920
1307540
6128025
2003865
19962575
25785812
2066933
1300756
25920096
1299943
10744976
25751623
1299201
25761131
3892449
1301013
10771216
1408315
1294376
1480318
1305223
3395460
1302069
1292550
25821124
1299550
1302194
1304812
6132609
1295727
1422947
1467923
4323732
1293265
1308129
25710956
1304152
4904672
1395040
1296758
1306472
5384590
1296295
3737283
10759790
20423847
1299867
2036794
1421740
25944282
1790199
1308002
24877502
4196227
2137014
1441950
4301248
1395080
1437909
10774066
1457435
10466639
1297693
1470395
3732742
10759926
5169024
24522640
3369178
3720239
1300074
1978369
6121039
25815008
26241441
2301179
2326648
4071781
1309065
4203863
24695886
10752478
5090799
3447563
3725295
3065307
1755695
10945551
1474203
1908182
3872361
4172514
3564151
1303036
1864740
1294375
1307311
6003428
1963965
6531219
3069341
1419581
23769147
21349345
1295645
1304338
6959179
25827325
11502889
1303203
1941242
2077706
1304282
1855300
1297193
4051753
10536969
4291272
26289126
6424814
1296701
2969402
1297356
1983973
1308775
1298703
3011555
3158778
3008655
1439542
1927369
1305046
2027923
1303253
1300162
1903478
25863940
1798412
2042617
3090455
1305945
7015586
1947270
1309194
3292361
1949005
3986493
1305843
6772974
1305074
1457294
1291829
1417067
4067428
6781964
10864754
1486019
1897967
26276367
1297800
2351870
1963710
1293236
2303776
1299251
1845728
1302836
2155366
1303691
1301798
3174114
3074503
1853160
2340936
2127856
1308774
1919592
1416895
1298727
3412830
2224813
3402980
4888476
1948397
1299851
2980609
2131654
1294638
5969347
3659405
2157239
1303769
24845115
4917698
5294432
6395463
1292529
1294917
1296859
2303056
3213173
1297845
3240794
1897368
1329957
10796594
1293494
6873875
1293497
1292846
1294450
4206468
2138507
2328234
25774050
1394825
1292887
3082472
3898722
1307848
1950396
2263153
1296397
25889645
21264315
1471508
3173026
3041556
1418696
4089361
25927451
2132475
10355623
1302990
1462467
1305549
2301242
1461354
11527516
1419203
1823360
1297399
3205567
2155335
1301997
1292916
1421822
1299503
3094544
1440058
4312211
1292597
3036472
3725320
1298003
3073072
1297424
3626416
3095375
1297735
7059561
10546734
3754946
1303624
1395036
1996313
1301647
1295389
1468527
1293607
1419985
3716265
1294808
1293470
1819388
1420018
21350552
4302814
1306002
1295403
3792816
3036464
1305355
4145487
3287578
2044268
1473475
1292333
10467098
1440265
2067487
6412608
20470260
3011355
1493920
4206477
1878011
1303654
1294572
3557094
3441474
3256191
3081743
4005190
4241859
3027162
7015714
25730893
1995569
26268610
1914681
3044937
1401384
5036969
5156619
5193997
4832887
3838717
1922572
25910552
6101716
11625731
2218079
3011097
1916915
1292587
1420215
1306915
6781971
24758396
11604028
1307234
1828213
2297877
1947272
1460980
10473631
21327518
2076168
21370624
3690419
1296252
1584750
2043497
3089356
3344677
3600755
26630517
6041200
1294675
1292891
1297509
4859795
1418191
1949082
2296206
1996735
26263844
1847588
6877703
1303655
1307354
2038379
1300108
3158857
2979860
6778368
1293579
26627672
1296912
4783582
1418189
2268557
1307663
1293323
11584413
21340793
25947518
3290421
1303382
5154951
1295932
3158864
20427004
1306505
1428068
1293424
10545939
1292982
3658392
1763430
3428410
4102971
1304905
1307681
5150819
1856060
20426995
1308676
1580640
1448595
1437428
20393972
1870681
2173334
5965762
1308070
1906779
2248934
5155169
2382740
2996158
1303967
6886518
2153526
4924806
10455347
2272493
3749947
5959251
4215668
1764388
1780932
3148297
1299945
4070625
24756658
3142482
1780843
10740121
7015798
5365461
1873750
3007811
3285632
1917074
10777781
1769827
1580642
3731662
6801386
3696913
1439019
25723328
1419986
1299239
2000675
1466273
23775627
5327201
1300161
4305081
2008683
10432181
3390929
2989161
2338069
4134131
1417049
10345617
2027933
1304687
6060652
3148994
2146439
1304485
4314640
1946890
1297038
1863447
20000085
1759849
25818615
1305541
25843331
1302294
3523261
3346995
26600346
1299133
7161717
6558347
1308247
1758487
1305781
1434257
25723127
4882976
1297549
5207904
2036940
22419433
6861857
1293618
1309088
5392075
21263717
6793337
3007297
1299662
10485939
3018122
1865026
3806748
1296581
1298389
6001038
10550943
1940670
1307176
24312921
2160085
1301630
10487599
1300275
1951469
25836073
1308696
1864318
2302518
20561967
24741151
21324293
2282449
3275040
26347901
3819528
1986046
5193457
1294042
21370611
6873766
26303622
1948937
1732388
25792813
1303424
10748498
1422890
1293568
3560397
6037981
25826573
3911336
2170915
4147107
1304238
1295737
3675105
3072884
1388196
1292493
1302992
1294825
1293777
3287639
6788265
1294712
3987536
6225992
1301185
1408099
6878133
1295820
1427599
6873331
25899435
1308998
1298697
4707209
1890108
3858488
2068396
21359944
2994851
24879258
4136036
5981875
3524289
25745560
6782006
3025993
1436680
2995728
1903267
2002954
5290729
6307737
1804044
4036000
2299372
2252778
1296795
1299495
25785269
26078872
2015625
1863102
3006781
3092913
3096438
4088850
4711195
1292321
1855250
1308827
3237479
11599168
2241692
1292950
1295751
25768714
1306319
1782663
3238187
1418157
19897641
5157603
24220963
7015730
3073204
1464338
25834500
26347091
26438924
20426944
2242338
3706884
3240208
4839418
10461364
24816248
2216151
20254243
25830908
1306548
11600252
2043546
11026617
26353874
21359391
1293903
5912779
1305713
1297234
6902032
3598221
1304897
5285692
3223264
3662553
25691367
21945191
1302376
25876119
1303139
1774058
25910109
1303519
1481913
1296574
5966609
1926660
3114109
1920141
1481918
25794037
5432221
4246125
11528235
1578641
10537891
6521884
3601176
3004244
4822854
1812386
6532825
3205368
1299999
25792608
21327875
2045848
1300637
26418005
1298708
3652297
1506817
1304982
21793840
4906297
25845592
24849703
1302664
1300493
1302482
1768167
1295567
4116481
5953625
10472718
4930652
4122701
2335100
1427862
3025452
2134835
24753439
1300090
6390761
3529375
1421104
3333719
1866462
25790833
1298247
2210143
10765742
1293046
11600065
2030563
1299965
2223463
3629217
1421807
1889053
3273910
3533149
1300682
7015788
3699737
1300870
1308197
24704954
1297650
7065117
3401684
1294768
2335116
25892603
1962628
1293581
3725324
2359711
1946776
3567857
1951108
1986872
1876031
3285088
1775450
1298550
1466278
1307257
5250321
1297355
1966105
5161796
1292629
2996640
1422961
3217669
1293855
21345845
3078632
1301576
1945253
2266278
3684299
20432983
7564958
1298718
1440214
1792523
1298386
21769276
5327655
1890567
2997052
1307427
4097122
1293688
4259560
2268357
23416554
1293508
1294634
1776964
10604554
20435044
1305530
10877413
1292590
1417555
3259352
7015728
5341808
24324732
5294326
26296609
4249355
1297088
1482853
1437393
3170961
24838726
1307493
26176832
3032429
3742937
11523471
3036460
2059213
1305615
20438437
4922398
1296805
4216541
1483433
26236795
1301783
1437395
1307979
3747344
20513939
1437392
1309036
1295225
1295178
19961357
3387483
4319218
5157856
11499793
11610234
1477501
3151410
3542095
4146512
1462550
5044751
3688345
4111340
1295222
6937816
1302005
1299276
5360889
3250894
3228094
1860770
1755448
21724200
1295122
2269895
1305929
3154910
1308908
3730219
1768192
7015729
3269381
5188729
3670997
1401196
2132410
1484012
1506768
1417237
1305236
1441479
6129661
2975682
2070512
3641137
1309221
1297016
2032571
1295190
3443395
6875610
1303590
3769442
1455959
1298852
4234368
1293432
3329731
3011022
1958716
1481499
1947303
10462218
1419168
1308432
25972855
25840484
1471437
1530604
4074733
1306185
6397558
4714342
10455634
25752451
25818840
1294609
1856886
3082098
1782984
3162138
1981804
3760879
10774097
3282396
1485976
1302942
1293364
1873225
25745564
5109774
1828392
2121854
1300399
1464389
4876176
1438039
10617175
1307511
5285669
1864494
1981973
1296266
1305431
1307669
1293782
1470396
25899601
25972488
2380987
5294324
2408796
3097352
2060181
1292680
20398972
3095418
1305566
22299426
1294707
3711760
1890460
20388242
1300830
4741272
1762699
2361826
1293509
1950821
2027925
24307625
25763481
1294732
1302292
7001282
1768182
2237966
26140405
3433571
3428529
6905208
25670379
20439088
1299588
1298876
1428071
4721294
6402464
1295292
3804436
24842277
1300022
2068327
10538110
3134061
2044334
24753810
2369845
1307906
1968675
25824781
1306408
1291851
3017896
1295805
1900858
2998463
1308838
10508896
5938000
1294037
1856871
1296688
1442752
2143781
2138519
4051768
1919245
1308837
10432362
1298976
2348340
1296848
1829853
3103413
1302737
3562427
4766920
1297896
1296444
1295300
1875340
3008267
4936669
1306670
1308950
1401206
1433567
3993761
6722731
1293108
5351754
1296269
1299591
1294953
1308719
1427622
1307672
1294516
1883701
1300940
5381796
1299175
1308620
3690289
2053185
1299691
2272497
2350883
1301780
1768181
1424735
3563200
10441247
1305914
1293510
10810336
3240828
1899601
1304579
1506812
1763132
1295220
1423035
1381964
1298950
2300450
6424025
1297311
1768179
3036789
1308543
3012390
2143930
2295259
1308709
1770547
3999549
1296546
1506816
3034445
1467165
3072149
5031411
1870682
1578509
3317125
1306603
1305748
1292495
3878019
25813439
5154302
1506867
2969529
1461348
10549480
2011537
10487568
1829537
24904361
1428602
5222982
20285037
1308835
5153254
4103481
2612102
21360462
5996814
2988772
26726098
3217150
1297497
25963380
5151891
25789398
3530407
25843352
3569943
6872262
3256172
2373645
4930406
2077430
1302948
1395455
3040396
5323683
25837793
3757154
4710562
1902088
1296891
19967905
1309145
1451895
3008068
1466910
2568138
3907232
4751270
1301328
2133326
1422987
10572779
4233875
4225584
19967908
1292552
2004554
2131291
1793916
3402469
3611483
20498291
1306858
1407147
3005588
1292676
24718797
6041122
1950192
1465284
3403766
3642895
5151230
1301768
25905034
2016214
6873176
1507134
25743024
4250623
2155447
1293804
1299366
19955871
1779689
2068062
1460833
2037958
1864216
1293009
3150816
26276504
1915312
2274219
2353083
3012819
1474302
1441820
2051838
20415239
1908036
3012838
1849410
1299972
1422938
2008239
1297376
1295204
6851218
3759617
6857004
1308068
1465654
3091271
1300778
1304310
4203852
1922691
3017555
1307398
1296720
2142533
2155910
4822098
1506820
3008265
1306762
1472927
1302718
1307716
1303937
1964728
1298900
2189743
1305068
6874140
1795525
1300092
1795576
1308860
10464511
21318490
3162781
1299814
2369671
1296628
1303426
4134631
1297126
1760711
1295200
1299981
1428053
2138227
5028536
3736637
1441039
3141467
1839970
1480345
1298299
1298461
26661104
4014405
3026786
2042560
1401208
1300855
25735629
1927364
1300208
1316561
4821046
1296659
1296872
1308554
5416027
1407148
1308595
3041548
1295656
21349801
5157240
10532705
5200930
5908859
1440884
1419689
1293630
1468547
1768217
25827399
1401240
1870062
1457567
3775167
3154908
1308710
1306490
3732488
11500940
3175623
3426877
1306483
24882719
1307641
1293934
3250887
1297602
6873228
3603156
4011161
1306987
1293745
21442760
1440975
1472908
2141654
24849911
20388696
1585236
1870811
1768214
1292910
1929503
1484621
11534089
4818155
5341846
24325906
2155676
2244529
1845647
1768212
1794367
5327216
1296815
3139168
2264023
20471819
1476976
1585146
1939414
1768209
1306632
1986722
1294196
11613507
1918382
21937253
1309053
1924440
4097023
1419880
19963896
1293500
11500300
1889906
24384124
2077716
25720115
1304353
1479596
1308738
3988578
10741834
1309119
25717817
3169632
25957213
25865408
2059811
1293658
1464520
1296103
1889536
3284877
1296388
20284747
5152973
2245941
6521506
1302512
3014622
1798225
7015734
1428368
1994877
1302235
3154392
1298778
3263702
26281134
1297274
6957283
1299556
1301027
3555237
1734283
5977789
3309770
1293146
25762153
3173635
2278266
1292721
1401913
4705077
1482073
6800335
3177929
24757228
3073499
1292625
3274096
1303150
3154585
26201173
1296778
1303364
1303328
10759842
20386979
1866097
25829264
1309063
25758847
26258872
1292050
1828759
25762588
3078517
4023725
10537987
3066267
2255927
26359269
25975241
1438851
3047617
1300023
1296538
26392309
1870683
1986567
1962939
1475047
1295720
1307980
3628370
1293896
22965534
1303176
11498731
1295252
1963605
1306559
3563121
10733357
1306991
5407055
6957273
1304459
1470775
1304273
3566931
25811030
4228550
10604892
5323724
3018483
1871531
1909689
25821467
3259973
3289866
3450086
1853770
22520519
5154001
1915403
1873374
3631245
6877511
1299624
3775163
2070367
2335122
6113797
7054804
2242692
21335021
2160145
1636456
4830478
4910868
5337537
1293237
1301679
3239814
4097190
1759338
2146087
6808702
1300019
25885212
3011082
1306031
25822272
3660907
1812198
4817049
3346527
1906817
5192188
1947285
20270795
6873657
10491659
25823076
1297753
1905786
2084436
1901363
1307970
25802495
25752416
1951175
5318758
4832341
1293050
5948594
1914621
1295887
1949606
2078262
1293981
2052367
2337182
1663415
1968632
4172537
1401342
4301268
1296976
1302193
1303672
3119248
26205451
3268493
4824515
1417847
1823385
1918449
1306591
1299932
3636373
4118068
1306600
3558640
3077408
2024969
2063530
25824534
1298602
10456755
6890737
1300490
1469415
24843198
25926763
25802211
3895511
6855108
1457218
1460853
10577979
2212176
3731923
5401530
10833924
24529254
1294293
1870582
3642302
1307951
10514820
5323957
1507140
3017691
5353125
1297502
1938515
26283302
10810745
1306098
3637940
1905577
1758894
25805741
5187476
1844805
1818751
6527269
3071441
5159111
1788350
3775261
1580592
1307899
3022209
7155083
10461681
7054604
25821380
2150780
1438081
6984983
3073160
4308449
6529885
2121813
1476987
25858711
3077742
2567799
1291873
3718678
3252301
19996285
2125096
1807600
20490910
2080634
1461018
24751754
1301720
1469497
2144256
1294197
6873819
6863975
3711683
26591125
26276363
21332519
1419052
1935793
1461783
4311737
24855778
3749046
1300139
3566553
26292254
10828426
1299141
1479209
3076706
24845116
26280333
2222721
1292955
1304483
3008401
1291989
1457904
25710912
25880986
2132924
6527249
20002750
5153863
1394823
1776806
3033030
1484729
6432898
2980437
25858785
23126901
1506761
3069338
6812873
1299282
1474762
4001859
2415779
1417084
4881607
10438140
2074494
25890330
2222995
10441405
2260746
5356183
26320029
1307877
1422934
4906427
6082513
1945567
1420023
2035152
6433905
5185147
4066206
2057046
21662408
1298346
6791675
1417958
1776577
2135299
3630615
2287938
4731049
4305061
5289960
5384603
25838463
5967821
5382877
1866264
1301279
3330040
6885817
6780840
3143038
3003370
1316532
1951148
3652302
3785958
1936919
5679778
1304006
2133340
26366455
3324128
1856884
1303016
1783049
3236367
7055316
2284434
1826750
1459620
24470523
3748544
1296223
6730005
3580624
3819427
1458818
24856609
3033831
5028368
1594093
1298189
5238438
3032450
1297075
1786363
3744715
1296557
5155935
1458468
25798216
3231823
6875497
1532365
1295672
1578711
10439805
11540750
10755697
3285295
1306326
20280034
11612964
1307941
10533600
2075345
6875451
24298979
6039412
3008256
1765795
2243214
10488535
1293263
1307047
3021842
3001170
10440069
6151677
3673923
25934339
5160385
3012853
3104205
2063528
11504693
10439256
1463710
2997283
1420094
4202220
1401600
6900094
1308078
1979015
1959212
6772982
1307198
10726995
25798131
1306231
19997950
2072157
1299097
5949814
1308627
1824414
4196245
21977761
10508874
1308623
4181108
25884447
2355326
3006775
1295227
3884019
4946963
1297052
1468489
1916114
4817018
20524151
4820070
1467081
4739711
1974119
6791750
1856928
25762254
3750748
6878113
2351464
3451971
1902701
21098725
3166543
1299598
11498724
1862346
3218765
10745195
1298217
2059742
4043745
1859845
1297336
25919349
10581376
1301635
4151110
1292872
1870587
3163541
1419978
4944004
1298695
1472532
1295530
25726658
3443074
1306474
1474405
1302518
1418270
1951386
1302931
1870576
25788052
1306215
1305418
6732874
1297751
3069363
1300939
5919562
1433678
2266280
1299644
1294498
25756259
3742966
1418184
19961072
1965999
1295014
1309128
1299494
1293078
1298803
3275650
6530951
1302794
10540210
1768170
2383187
21324290
4824965
2270390
19967684
1870571
2062462
1303133
1305247
19929592
3007780
1296684
6873250
25889090
1869518
2076386
20413595
4301659
2359497
1872019
26303865
6889533
1782013
6013383
1478318
1437555
2341339
26585602
2006065
20515015
3804388
25986690
1418640
21348478
3475347
3161809
24719853
6129706
25814453
3641492
3451817
1293199
7015731
1291588
25808821
3161859
3088519
11523438
1440624
1951195
1298508
1781659
3642882
4832564
2275078
10777783
20016764
2357433
3078391
3718237
3017651
6037953
1949138
4723158
22520586
24853100
3642826
5163730
19973990
2131237
25953661
10355333
3578715
3213250
19973416
1294430
3642862
1301501
11600079
1875421
11516131
23852220
10745397
11510501
1961696
6527283
25436682
3041010
1422289
1304701
3835524
1946342
3344642
2118538
24736797
4741271
4028404
20284639
11506867
3081360
1874383
3642300
4853491
2139722
24869471
24163523
4913194
21354074
10487676
1302683
3003366
2245948
1298485
1422357
2056261
5913036
4899486
25934062
5157403
3138807
1305760
26392217
4217398
2075355
6097776
1890157
1298932
3168086
5341847
1306489
25822412
3617545
25821585
2239662
20277632
4135710
6875991
3401751
5341842
5175469
6792169
2982145
1293736
1292572
2007353
3602132
4728565
25749515
1420038
26720495
4123744
3114575
1296528
4914616
1292276
25918596
3218596
25725759
1307326
25812641
4123755
2150206
3732368
25785204
20379462
6804361
1299374
25866216
4728540
1306665
4231738
6873268
5152602
3439317
6985065
5969311
1297787
3735015
5325290
5341843
3446003
1298114
1301464
1296875
1947793
1908913
10483195
6780839
10741648
5190815
1292869
4934992
1908875
1885042
24705136
1308754
22521383
10463991
4225893
1950238
19896409
4300910
1296041
1439242
2302386
4933725
24153243
6432156
10540260
1459912
25830594
1773136
4846338
3714084
4901675
1475183
10528337
2044201
25986684
2993877
6601422
1305501
3017480
3632550
1297146
4899571
3743173
3292134
10741647
24526777
1299557
5503303
3391850
1418245
2078696
3263472
5905774
1908897
10486193
5352670
2056856
11625733
5954055
3796282
3716874
5374414
1908840
1432700
3871833
10955310
6531262
3791012
1494704
21363262
2065186
3288129
3026555
1296194
10526879
4883300
2046579
2996625
1308686
2300148
1995466
1308585
1307786
24872048
2362553
1294121
1464872
1316627
1464907
1453067
1301050
1308443
5282441
3390931
25779805
1294725
1438584
1298111
19974871
1877942
1441778
1939808
1292216
1946882
1937400
1419941
1300905
24873798
1296467
2059125
10774716
1498818
3999757
2040166
25969201
6727346
5131645
5939160
5152976
19969211
1303012
5200734
1945797
1296461
19971638
3994534
1300949
20470368
10573439
1301699
11523454
1499895
2269525
3288399
4903575
4117274
2136651
4913491
6259916
1298275
11584020
6392615
3563241
1766041
1295533
1308806
6052915
1300438
3676431
1300395
1295744
1450058
21329294
6724861
5170282
1892147
1294291
5159257
1772850
1298790
11604197
6878175
2998395
1298638
3823425
6759226
26252196
1295268
1299891
6963624
1439600
1408100
1966691
1759371
6090545
1887385
2267755
10568385
25887846
3815848
3074408
2364005
25717826
24708493
1293718
1306084
2117844
1308912
1903652
1297124
4741265
10757580
25889465
11527487
1302659
2271602
1293972
3875888
1966121
1931316
2568112
3778272
1301923
2271598
1863361
2935729
6759556
2338160
1297131
1924439
4018288
25716633
1805914
6000330
2330661
1865561
2360568
3566509
1292761
2931930
1297683
2921818
3161658
5265166
1302930
1756213
10430704
3739752
6873740
1299274
2314194
1994839
2040075
3682058
10617172
7175256
4892642
6393334
1301541
1301429
21340773
1850806
3927791
5193839
5380183
26418086
5374152
3095189
2081682
1309060
1302519
5366656
2267052
1293491
10561918
4089056
3299552
1863756
2228249
20426863
1292963
1298216
1782648
24872615
20254272
2025154
4174503
1844077
1295578
4739712
1294849
24311267
1438247
1297121
1848200
1299795
3005606
1768753
1785323
1844079
1949324
3986713
4135702
10772258
11520649
1298499
3210957
1765018
20257956
10439904
25701866
3075937
1845344
1848701
2142535
2326047
1304159
1457624
25929403
10574475
4133988
10760272
3399559
25802711
24325815
1306769
1929546
3260439
11593536
3195573
3240843
2084427
3800019
3744753
1447000
25794212
1959001
3182864
10574476
1292763
1432639
1293137
3014714
1461919
1292277
23767433
1948946
5157872
23774748
3732797
1476989
5993186
26282696
2062677
4090715
25947297
26582012
19973815
6874456
1305814
20418685
1475262
3558648
1417235
1298851
20431436
20513059
21363757
6873085
3681675
10001432
1872127
2078246
1292470
10553321
5950116
1293173
1307138
1293541
1302084
1291565
1302369
6848284
2086391
1297150
1547127
1309042
10862816
1292756
1962112
1301932
1301800
1908244
1308510
1297797
1307762
1299367
1764114
1937190
1304915
2028650
24875621
1458846
5240079
1873370
2132736
11498832
2257820
1506900
3586642
1303621
1306657
1807067
5031442
2338220
1306568
10439286
1304939
1308610
3731342
4959621
3055430
