1291832
1292233
1296987
1780330
1303173
1291875
1292365
1292434
1293374
21937445
1305690
10537853
1307014
1304022
1862151
1293088
1329936
1296253
2132220
1297570
1308747
1297863
1292268
1292269
1292067
1292065
1293566
1292646
1292348
1293889
1292222
1428166
1305164
1291853
1292722
1291546
1297447
1292328
1296339
1291557
1303394
1291999
1291847
3319755
1291548
1292528
1291828
1308741
1292656
1292402
1292720
1291549
1394218
1294300
1291990
1292994
1308777
1292764
1298385
1292338
1300211
1301616
1291841
1292262
1295644
1292052
1292000
1293350
1298624
1291875
1299062
2020975
1322851
2038365
1899616
1292329
1292271
1401282
1303173
1300678
1291818
1292218
5964718
3792799
1291568
1306939
1293839
1292213
1293964
1300267
25798222
3732800
6985810
20020577
3804891
25917973
6080840
1299799
1301061
1293731
1578503
1292532
1299131
1302325
1292208
5912992
21937452
21360417
10777687
3011091
1900841
1292229
1292272
1299603
1291580
1292275
1303037
1292062
1291870
1292063
1777612
1291545
1292064
2209573
1293182
1292224
1297574
1291832
1303418
1292574
1299166
1299231
1294746
1292778
1298241
1300636
1303415
1294364
4739952
4920528
4917726
3824672
1308575
1309163
3072086
1485260
2124703
3742360
1306249
1299398
1293929
1296753
1295865
1291840
1307332
21352814
5977835
6786002
26289144
1849031
1293374
1293698
3013046
1294699
1293749
1304447
1297192
2334904
3541415
1292343
3075287
3011051
1292214
1397546
1297630
1292233
1295629
1309027
2080007
2160611
1295124
1292925
1300992
1301169
1291562
1296987
1297606
5450891
1292286
1292370
1293353
1301509
1297018
1408312
1293135
1859036
4861627
4230918
5908478
4826419
4004731
1299361
1316565
1756073
10462925
5960606
3041749
1306861
1292217
1292223
1857099
1299235
1302542
1422917
1294584
1306032
3793023
4023638
2213597
2002683
1806543
1294285
1304868
1422954
3073875
1297894
2132495
6538833
4798707
6537486
5322596
4913185
10537853
10558854
7155005
1297518
1293351
1307739
1297223
1302090
1300498
1298644
1299680
1418752
1301459
3011308
1305903
1293544
1291842
1292401
2053515
1293527
1301171
1292001
1304560
1997681
1304898
1295686
1300299
3006309
25766529
3743114
21318488
21937438
1291584
6307447
1438652
1292444
1296141
1291879
1292287
25750969
1793929
2297265
1305725
1295070
1292060
6019180
5364952
24879820
6844868
1296909
1298093
10438426
25926267
10833919
21941283
20438962
6722879
25890005
1308817
1291560
1652587
1889243
1291843
1780330
3274505
1851857
1316572
1959195
2131459
1300616
11525673
1294144
1925300
1388216
1291822
1296736
24719063
25798448
1316510
1907966
1291578
5250349
1293434
1296217
1295045
1307748
2222996
1294433
1295873
1323746
1417545
1307265
1308074
25955491
24875534
25932086
1295318
1301445
1292829
1307389
1295490
1306029
3205624
3073124
4746257
3006772
3168089
4902937
1418834
1499148
4305436
1388176
1296935
1308476
1293028
4830236
1307766
1300930
24324730
1308162
1296925
1293945
1293846
1296230
1300122
1293853
21937450
23712691
1298653
1433990
10574468
3364223
6799191
4843637
1297862
1295409
1301198
1292553
1292895
1296519
1292728
1299288
1417598
1303246
1293381
1297294
1293213
1295872
1299080
1301231
1298505
1295451
1301230
1305279
6872244
2037012
1950148
2081493
1469049
1482090
3011997
4280770
3992381
6539385
10508876
4901684
1300374
1296384
1849959
1947080
1293203
1298128
1325958
1294408
1295460
1305509
1292288
1293155
4066125
6846495
1293181
1305179
1806555
1323749
2027149
1308755
1308252
1302425
3195060
3006327
1296235
2230905
3157605
1949377
1961844
1307698
1303588
1767042
1929463
1291571
1309101
3011235
1294570
1292468
1294140
1292504
1302050
1294039
1867787
1305619
1306842
2999500
1301336
1298905
1299027
1783575
1295480
1301216
1293936
4009651
1291543
24750126
2133323
24405378
20255014
1304056
1301617
1790239
2209575
1291976
2033187
1779498
1434283
25964071
26366465
25723907
25717233
26311973
25746375
25870084
5155038
20388224
1295399
2003389
2367134
1300718
6753166
1937257
1292440
2355582
5924362
1295485
1400868
1306870
1297909
1302753
1297068
1867345
1315316
2369549
3671995
3596502
2139766
1422914
1293753
1292932
1296821
1452560
1416904
1292396
1299436
1303877
3060325
3287562
6534248
4914468
3789848
3731581
11026735
10574622
3233635
2353023
3178770
1437342
1309201
1291579
1291586
1291581
1308776
1301753
1783457
1292973
1294561
1296693
1299250
1293708
1296157
1294595
1416877
1947266
1294058
1292812
1303302
1303345
1463934
1418076
1432972
1298563
1778678
1316513
3805953
1859053
2036272
3120171
25807345
4206357
3145126
2030739
3032468
4230878
1770153
1438021
5997849
1298635
1292484
1293167
1293537
1292697
1294323
1300618
1291844
1293317
1309206
3446815
1292352
1292056
1293359
1296837
1300303
1307319
25817712
10740231
11599147
10467774
10726990
11523496
1293399
1308480
5044737
1305466
1309004
1293147
1293475
3024654
2132917
1877016
2084721
1890813
1293172
10463953
3077791
2056093
6803494
6549903
3023164
19973780
3284397
6800483
4116480
4935011
1303285
1295995
1303408
1300352
1303388
3011049
3552028
2170916
3011414
1980405
1303936
3181788
10808442
6843843
10535568
6097775
10727678
5183361
1292330
1297418
1300056
1309064
1895120
1308995
1793903
6536180
1304660
1301337
1303333
1300543
1294720
1308927
1298113
1303416
1297441
25919385
2122766
1292659
2124586
4304402
1300241
1298345
1298006
3550132
11523504
10741643
3592859
25954475
1295728
2042981
1474671
3743049
1309170
5919538
10439235
6900092
20279443
5908482
10561898
1293820
1299517
1292521
1297531
1292465
7059671
1300300
2976111
2357302
1771288
1796778
5247058
2279040
1303651
1296770
1305158
1297102
1294829
1297852
1485319
1308086
1299737
1428208
1299412
1297657
1308974
1441238
1981242
2974278
2365260
4903613
4873490
5344178
1293460
1293608
1293827
1316693
1945330
1300282
1309160
6879185
25773932
2129039
1291561
3338821
1858711
1793491
1302165
1457410
1498811
4312232
1303630
1305058
1293045
1293192
1292857
1301746
1305053
1293899
1422909
1296454
1474185
3233761
2999913
3148748
2044089
4180445
5972040
1309202
1298973
1441409
1295374
1307449
1401236
11529526
3737102
6129693
2146991
1432146
11516684
1300043
4132395
3389591
1292264
1292541
1293335
1400650
1298817
1293270
21941804
4059245
10487226
1421809
4176542
6386345
1301167
1295242
1305071
1302355
1300659
1309120
1835843
1294418
24751756
25905519
25864085
3793783
7065154
10485647
1292649
1297012
1299997
1292785
1298884
1293256
1298320
1914831
4861417
1418200
1920805
1307372
1304257
1296272
1309220
1292962
1296879
1292840
1295340
1305265
4237879
3683409
1292624
1294809
1302467
1308843
1293013
25710797
4291275
4290915
25787888
6845667
4091548
6094945
3011093
1771061
2978639
1307584
3269018
3071509
1292279
1297127
1295684
1293908
1298733
1297991
1292280
1440703
1920796
2161696
1309172
1885124
4191644
3077739
1294589
4168733
1301756
10438908
3718782
3769443
3749948
10577869
1297747
1294665
1299967
3992376
5155795
2138299
24741412
25809902
25798252
3317370
3094909
25867546
21965464
25745651
21624974
21770915
25785124
10735399
1437109
1305858
3804629
10485526
3731626
25752261
23761370
10727641
3592854
2998373
4202302
1401118
1293394
1292515
1298656
1301122
1293047
1295753
1303561
6521902
1309016
1959277
1308708
1307535
4915857
2303163
5681006
7046723
1972729
3642835
3642843
25766754
1306951
7054120
1297599
1292669
1892530
3217128
3269068
3769423
5975206
4832288
23776064
10571509
1306848
3395373
25794230
24815502
20397453
20276520
22313102
4160540
6874403
1422091
1293071
1296703
1292719
1303577
1300966
1353745
1300117
1295647
1306607
2300586
1298744
1292332
1292267
25724855
25757182
10773239
4798888
1299913
1477506
4301274
2363506
3236904
1296201
1293995
1294181
1302642
1298351
5286821
1761920
1297290
2357162
6982609
2028585
20278505
5323968
6390823
1299745
1300044
3135483
1298043
2132932
11443314
4824512
1479377
1302077
1301646
1303465
1296917
1300566
1305724
1792928
1866479
1441801
3009161
1308762
1483239
2284851
1304608
1293555
1298038
1304585
1293825
1294950
1293164
1295965
1306666
1294138
1905666
1401510
11510624
23788440
1305066
1297931
5152536
1293671
1308822
1295527
2042092
1402056
2156296
1298266
1293650
2080294
1322674
1293342
1298026
1306449
1303562
1293492
1361276
1293234
1419984
10533913
11584019
4202982
4845728
4132407
1750027
1417999
1299840
1303801
1462243
1481014
1307561
25823132
4212172
6011806
5308265
6395245
24839091
5353344
1395458
3250377
1305902
1927686
1437847
1456774
3603547
3642866
6123978
3706859
1297478
1294371
1302205
1295646
1303794
3040438
1292848
3036478
3120852
1917086
1905777
1394447
1389915
1300306
1295287
1305579
1299103
1291850
1291848
6985986
1414806
1294477
1440954
3238076
3103418
6771529
1301578
1307542
1305119
1305308
1302176
1294948
1424639
1296049
4016948
4829835
4884118
24708811
4915107
3566709
10830069
10521648
1844413
24743711
1462568
1483424
7058117
1892333
1306019
1306069
1401842
1292784
2067450
5908473
1310175
1293824
1464368
1963070
1760027
1306524
1301148
1301867
2156069
1295991
1793200
1432180
1296794
1301715
1306421
1293073
1292664
1293448
1305793
1994876
1428178
1291577
1308757
3011574
2132412
1419974
1292326
2174535
1306737
1937621
3024392
1297145
3217894
1300946
1292988
1306564
4307349
1422040
1307702
1947549
1401535
1428177
3263169
25859495
10546747
1292766
1422950
1892848
10438691
1293564
1294925
1292908
1291575
1291573
2080549
1308346
1578553
1610631
3443388
2988103
1400829
1305790
1308599
1297763
1296011
4817901
1466007
1949329
1309184
2147854
3212120
3715144
2326212
1298191
1303543
1295328
3224592
3005367
1428878
1294833
20399278
10563779
10437779
3056430
2301079
4195582
2265494
3360975
3193460
3271145
1862770
1424654
6861583
1295280
1300555
1295384
1293531
1300656
1295250
1820156
2127788
1827713
25862354
1304710
5985888
10594927
24759014
4925455
25856577
25717896
1302827
1292977
1291582
1294766
1508411
1294852
1291839
1294801
1292226
3153700
2080572
2299380
1303043
1304726
1296978
4767216
1302271
2076181
1422306
4049700
1308047
1294991
1307577
1293118
5401681
1308713
1760104
2139553
1306455
1758333
6730004
6973376
4728584
4705044
2156154
3641108
1301620
4215790
1299952
1299120
1292867
1298412
3336237
1962968
3324578
1293175
3338851
1294979
1297995
1301757
1299858
1295547
1302431
1303186
25834457
11594901
25747028
1300766
1293973
1295746
4724739
3649049
6041191
6011805
2216966
2081739
3218841
1419211
2037796
10487238
3600972
1417910
1301678
1307956
1307696
1295253
3008892
6123847
3833816
5349206
6030607
23752579
25845397
1309165
1305306
3011617
1298041
4099242
3041261
1293515
3097525
6557030
6126506
24879816
10558411
4300640
21937434
3072888
3059472
1309012
1437339
1309011
1498658
1482698
1578510
1292827
2346994
1466731
1395459
26393561
19945757
1300106
1292238
1297007
1293683
1295583
1294345
1300696
1303274
1418714
1298261
1296993
1293341
1951220
1293767
1293388
1302675
3155477
4896263
3230459
1949811
24735062
6829652
5355159
24714535
14021042
5244092
5416009
3011072
1297716
4206436
25881067
1292211
1291559
1292047
5919334
3805946
1308804
4851900
1945684
1483668
1303815
1294490
3071517
1300537
1296942
1301447
1294791
24815950
3071604
25819229
21263666
1853621
1303164
1294183
1300644
19944106
25963286
26647182
1293817
1292760
1292049
1298655
4900088
1419935
1588704
1295283
1297202
3183490
1950198
1308975
1401533
1306662
1433183
1308587
1308288
1306130
1464548
1308799
1418070
1294486
6905169
10491641
26235839
23712401
1293177
1304132
1307371
1416722
25840705
25951720
20645098
1482055
1296835
25895276
21349734
11624706
1301173
1295006
1829654
1295437
1301530
1300813
1433038
1474487
1294621
1939173
1421934
5374383
24702267
24749741
3004233
1794171
2223596
1306612
1867335
1860745
1428378
1475572
1414803
1308979
1890572
1308018
1296154
1462370
1761854
1761172
4237043
2237378
4300525
3115106
1958031
1292349
1401385
1297229
1861935
2137492
2074009
3718460
11589036
1300529
1294475
1299786
1793671
2255476
1307193
1468030
1419958
2059310
3066739
1299837
3629232
3530403
3016187
1767709
1301859
1304374
1780342
1296824
1456503
1418519
2136824
3217169
4164444
3263820
2997094
2133379
10440138
1866473
20326665
25853727
20388223
26011893
1296501
1301425
1427437
3707070
1291572
1966182
1298070
1294639
1293530
1295229
1307955
1305065
1304854
1485962
1308367
1309203
1498831
25751312
25850443
1304567
1303898
1300426
1369831
1303195
1304210
1945628
1299608
1300361
1471740
2336785
1309052
1307931
1294160
1305575
1428877
1308987
1294165
1309196
6560058
6082518
1872105
1293831
6430835
1305069
1433330
25900101
3005875
5399908
3154695
1301345
1300712
1295080
3059582
1299433
3401244
1301922
1295913
1297812
1970437
3017865
1436900
1294358
1297689
1309078
1292585
1451393
1468716
3440075
3230165
1945549
1300787
1473562
3431802
1304607
2144501
1296798
1297920
1301890
3284430
1765914
1296399
1308997
1757945
1292769
1308779
1292523
1783772
3152722
2044102
1305857
1874094
1297201
1295068
3542417
2382920
3059036
5377640
1309192
1472510
1309109
1418677
1420083
6846893
1309020
1303757
1296001
1966759
1420006
2068188
2279839
1857933
2251569
5967829
6814906
4927336
4151284
3041753
3792508
5360033
2382777
1299665
1296435
1303304
1303347
1416728
1300064
1296897
1394163
1305564
2303719
6014999
3044756
1418614
3003842
2029638
1441189
1303423
1326538
1296043
2129132
3231742
1301788
1306802
1433676
1308991
4022090
3732499
3586471
2004613
1296946
1293389
1294978
1302056
24325923
6985803
4847665
20415220
25757061
5155793
1291583
1308807
1297359
1292704
1298521
5262027
1299643
3111355
1470600
1963067
1756584
1299243
1470614
1470591
2977766
1295211
1300069
1293310
1305175
3901408
1297187
4312248
3213270
1867332
1422925
3444558
3001472
1303089
3217165
25750820
1309116
10598440
3606971
1304102
1291574
3299241
4066127
4253448
4088855
1301537
1951120
1418691
1295432
1302724
1295903
1299560
1303447
3102668
2998253
2072478
1863766
3025809
4221477
1471507
1292344
1929477
10745399
5996407
1815638
5681026
5905756
25750824
25750823
5433231
4158027
5240769
3358309
3796613
6877524
2978305
1306678
6833827
1307135
2268267
1303293
1293653
10441161
1438300
1309185
6128922
3808604
1294627
1448277
3033085
1300874
3025844
1292555
1295742
1294000
1292881
1294753
21327493
6053679
1920620
1292397
1294100
1418997
1300752
1298982
2046839
3263814
3036473
10617158
3073079
1394518
1300938
4179007
5985887
3230195
5299006
1316698
6859676
1457219
1309035
1309049
1298204
1298694
1292969
5318665
4062922
5951337
5935802
3264234
1295815
1300599
1303362
1294244
1297648
1293569
1297918
3403107
5322572
7162146
6724974
5152678
25858604
25140779
5924366
25855951
6511042
3211336
1305804
1309047
1949320
4709904
3804470
1756809
2028669
1304251
2257732
1949312
1875488
11810348
3101548
6070226
10827341
24404677
1297737
1305257
1299135
1302927
3819939
2081098
2310051
3066083
2255841
11594943
1297382
1305883
1306011
1810637
1305197
1421928
1295675
3771562
2049435
1295655
1294842
1298591
1296137
6772519
19975472
6738775
10799503
20388613
5990339
3654340
3071469
4004715
1302349
1296845
24397586
26277313
21360431
20278502
6849035
1299628
1292897
1483646
1298877
3026572
4146762
1292850
10608242
4303624
5387025
3346464
1474180
1922152
3212221
25741398
4099231
20283482
21350559
6518638
25955872
3143676
24695966
6837235
2252775
1972698
1309068
4246569
1394968
1303203
1300246
1307323
1308111
1308232
1308616
1297291
1298227
1898223
1291852
1301106
4007916
1303034
1305333
1308752
1844184
1303245
3036564
3114117
4707205
1294982
1434550
1292342
1422024
1305605
1768647
1470499
1418158
1291846
1793764
3792868
1401524
1410556
1309103
1308570
1866475
1395776
1293385
1293320
1299348
1299698
1296579
1308419
1292682
1299221
1292790
1301021
1302474
1426881
10831449
6040982
6080775
4913200
4133251
10573695
4154669
1292820
1301775
1756843
1307746
1389938
21360412
1764251
1444511
1307593
1298880
3228352
1781126
1887455
3059403
3285642
3023717
1299663
1292579
1292457
1293584
1294005
1437774
4822848
3279107
3897667
1930582
3607666
3718493
1961963
2028840
4000431
4032539
1789384
3148035
1296927
6872273
19976810
3158564
2240990
1291857
2992881
1304642
1297866
1293258
1441602
1302242
1295064
1297213
1306049
1303572
6853653
11591789
5032144
5351755
6875615
4095296
1309062
1305136
1478582
2996790
2368641
1850910
1308865
1300756
1294376
1422947
1306472
1299867
25815008
3725295
6531219
4291272
1305046
2042617
1309194
1457294
1963710
1853160
1298727
1299851
1294917
1293497
1394825
1296397
2301242
1292916
10546734
1293607
1305355
20470260
7015714
4832887
11604028
3690419
4859795
6778368
11584413
4016551
4268610
4068362
1401585
1296577
1297200
1307747
7152895
25704588
25777594
10484041
6535907
24858414
1389924
1301359
21339392
5325354
6799159
10740264
4719085
1292212
1302977
1293428
1292981
1298870
1401894
1870044
1298759
2464346
3793798
3008672
5959260
2132491
10792650
6528112
1421051
1303495
1295614
1300115
5279640
3078609
2054933
1297228
1419976
1871800
1895119
7564114
1865012
3158432
1300487
1889424
1906298
3436615
6869412
3072779
6524015
10528383
5384601
6886896
1293695
1303066
10535562
3012013
3012053
3236458
7564972
5214429
2053339
1309099
1300745
1419982
1296112
1292210
1309183
1300868
1296030
1296697
1295834
1292519
1303460
5149279
10554990
4896894
25881247
10562986
20273800
1308989
4253447
3430694
3728249
25908051
3711725
1296455
4603382
1306952
1424631
1483426
1482079
1891211
1428068
1870681
6886518
24756658
10777781
1466273
2989161
1304485
1305541
1758487
1309088
1298389
1301630
1308696
1986046
26303622
25931626
1857082
1482089
1308815
1309141
3743052
6875420
10438581
6755346
4301253
1293590
1303808
1441718
1440852
4838179
2371861
1768993
1294644
2020617
1300741
1304436
1295870
1293171
1306663
1401383
2137060
1964595
1292943
2077287
1309017
3011581
1830941
3292949
1889242
26200413
3089638
3199971
3206298
1293755
1296332
1296360
1292225
1293852
1293198
1299898
1298337
2029129
1303922
1300575
1294713
1303170
10581318
25728010
26419637
1292501
1296008
1297790
1300751
1292739
1297248
1300514
6887029
10754780
1308819
1299287
1292703
1293741
1945780
1302100
1292699
1958400
4714583
2134897
1484760
1790577
1292450
1299362
10757577
1422205
1789665
1472800
1296432
1498848
1299539
1476698
1307196
1296908
4179012
4074744
10344754
1308850
1770823
3532670
3012032
1951107
1772560
1829230
3006783
5327268
25850640
3011380
10466341
1300945
1300220
5153883
1293568
1295737
1294825
1295820
4136036
4036000
3006781
1308827
1306319
1464338
3240208
1305713
3598221
1303139
3114109
1812386
1304982
1300493
1427862
1421104
1298247
1889053
1300870
1294768
1298550
1292629
1301576
1298718
2997052
1305530
5294326
3036460
1307979
4319218
5360889
3154910
1401196
1303590
1292289
1299661
1291868
1299922
1294901
3723814
10558850
1293919
26259677
6880497
25835293
6531245
20399271
19962587
3104794
4298405
3645150
5977478
4839318
3631187
6890730
3013580
5422105
3188328
1299513
1390021
1390020
1509868
2132120
1929497
4075568
10745405
10546666
3057495
1295452
26263504
5908479
6041220
21871405
1309209
21776863
20453772
6030611
11627124
4097466
2057552
1296535
3268171
3736691
10439236
1309177
1428421
2251924
3206352
3072889
3927750
24325798
5327474
1305080
1401915
1293120
1418903
1297260
1308704
1771925
1302500
25958704
25882861
22203896
1945336
1305686
1440855
1293271
1296936
1293651
1297585
1474788
1300337
10535447
26297388
20444892
1299582
10796578
3578925
3078514
5323380
3193964
5258036
6731992
1424620
2007345
1295801
3156032
10577681
3071461
2256034
1872628
1773217
3126187
2328749
1306808
2054070
24695390
24698878
25774126
1303976
1294461
1297756
1297110
1301342
3609001
1966460
4284085
2148778
2068073
1304534
1299365
5268675
2969478
3822631
2063867
3008253
1780982
3166574
3025858
3025265
1322848
1300595
1304863
1401604
1294506
1455849
1305114
1306604
1437377
1295416
1297347
1305309
1305096
1292674
1309000
1493481
1419903
3586725
25747030
1305672
1305463
1304934
1994576
1302958
1482107
1498825
1296459
1299153
1849371
1303531
1296389
1298452
10758799
24371128
6123843
4286017
10807909
3025447
3718269
1844763
3338879
1309085
1298308
1293216
1929402
1292681
3068206
1293433
1304209
1293442
1304496
1294276
1298339
1889152
1292729
1775766
1299209
1790198
1297907
1293762
1293482
3136240
25738406
22733673
2265743
3276019
1306588
1422922
1422957
1899630
1294877
3228134
2056031
2067463
3073166
5937923
6856067
6724667
6396294
1793922
1439463
1294048
1300185
1305345
1297368
1298989
1301741
6721894
10439553
1293823
1298107
1307054
1307973
3243344
20388271
25870091
24383276
10594965
1306111
1826749
1297476
1300484
1296866
1308778
1301632
1974407
25747095
1301098
6517421
6738735
11499033
10355329
23025359
1297792
1293572
1299092
1293838
1298328
3148956
3011550
1482051
2988506
24525283
3011022
1471437
1294609
1782984
1485976
4876176
1293782
1292680
1300830
1294732
1295292
24753810
1291851
1294037
1298976
1296444
1433567
1304580
2361386
1309032
20501030
25919910
22265121
24869803
26304167
1828568
1889393
1419520
1493913
3637305
1437422
1308773
2364834
2253851
5382911
10441174
20490940
25938856
19955828
1418998
1316555
1433360
1304073
1306526
1389971
4196129
7052383
1789283
3212133
1292337
1302178
1307895
1295635
1298667
1292822
1301161
1293952
1293976
2036862
1306809
1459368
1307545
10521937
6390832
24742719
3006769
25925430
10792633
3254235
20504960
21334420
1295785
3153894
2155359
2156733
3632504
24885205
5989818
7064681
5262338
4848115
3560787
1307474
1298331
5959696
11594900
5273313
1395231
1293632
1293776
1304974
3602084
4807924
2133293
19902983
1432699
3217524
5996409
3078384
2361269
1361254
1937990
11500954
6091398
5501711
1296829
1308156
1436870
1946877
1440685
2141149
4707935
5273303
24839498
4111400
25813411
1883701
1293510
1297311
10549480
5153254
26726098
25843352
1302948
1309145
1301328
1292552
1292676
1301768
1293804
2051838
1297376
1308068
1307398
1306762
1305068
1308860
1299981
1480345
1401208
5416027
5157240
1293630
3732488
1440975
1794367
1986722
2077782
2969582
1309043
3282005
3586511
1298526
1305487
20441632
1303001
1291854
1303053
1297440
1302313
24902750
25862355
26438863
1302082
1303087
1303600
1294580
1293818
1291859
1302947
3388057
2078159
1306914
1293455
1759975
1917973
1303436
1460996
1302554
1767732
1419904
1298382
1305060
1864541
1291558
25780578
24722875
3214153
1306509
3072185
7006540
1294737
1293847
1295812
1303453
1301787
1866471
2138838
1401261
1822108
2990737
1939174
1783462
2971867
1793919
1947056
2147874
1850797
1299536
1295221
3338862
10741834
1889536
1298778
1293146
1303364
4023725
1300023
1962939
1306991
3259973
2335122
3239814
3011082
3346527
1905786
1296976
1299932
24843198
10833924
25805741
7155083
24751754
3711683
3566553
3008401
1484729
4906427
4066206
3330040
3652302
3324128
3033831
3744715
11612964
1765795
3012853
2997283
1307198
1295227
3750748
3218765
4151110
3443074
3069363
3742966
6530951
19967684
20413595
1293199
1298508
3718237
1301501
1422289
1874383
1298485
1293736
1292276
1301464
1292869
1307786
3390931
1292216
1498818
1945797
2269525
1308806
1759371
2267755
3113423
1308583
3040026
1299182
1304318
1946651
1309135
1422940
1294998
2016065
3012385
3055323
2376413
3023422
1761851
1761849
1306236
1305915
1306057
1303439
2124692
3346304
1306213
3239892
3626365
2910660
1302597
1815687
3182426
3504940
1292921
3193968
1303545
1299434
2074035
6991110
4129619
1578507
3629215
3807875
1421469
1858268
25745494
1299502
1297785
1901329
1306466
1301052
1466897
1309084
2213591
1469072
2132187
1476422
1424627
1389949
1300894
1401269
1434273
1301001
1294754
1769033
6889400
1302898
1340522
1904505
1962316
4172626
2997296
2079735
2129914
3017916
3780369
3540105
6829216
1469971
1973480
1307639
1301233
2158222
1994879
1293131
1296027
1292454
4844730
3392569
2239222
1293648
2070013
3819871
3215099
4054629
1755767
3110635
2274776
1741405
1294724
1306084
1302659
1301923
6000330
2360568
3161658
2314194
4111416
4707230
1477917
1303680
1306183
1302988
1308456
1862826
2135821
23415048
1464633
1292750
2253822
1466277
1300790
3158990
1305878
2044081
1294927
1316506
1951318
2135981
5327188
1305367
1303637
3608742
20497905
21319853
25821461
1292941
1293513
1298015
1293505
6798389
2326529
6397173
3642305
6894263
1308770
2364982
1308756
1297587
3071471
1309151
1294169
1422951
1297112
1305552
1416946
1444502
3233751
2266113
2267155
4138137
4067180
1439488
1470390
1420268
1917252
2299846
1765272
1758482
1419271
1752181
4007879
1298468
1461188
1309215
1578723
1959851
1292735
1301398
1301056
1303758
1292757
1295148
3305739
1394064
1428007
1850465
3006092
3572062
1419136
6829660
3533870
2028027
1827018
3034034
1294047
1292930
1304738
1306758
1930829
3602096
20388680
21332535
3058964
3243322
1428067
3212318
3290644
1299446
2003388
3707151
3113757
3543965
1293816
1299256
1308281
2132486
1297576
1940086
1433633
1300551
1957795
3021213
3622646
1926142
1482495
1304382
1302487
1424622
1301429
1293491
1457624
1447000
1432639
1476989
1417235
1291565
1308510
1873370
1306568
1939582
3278324
4006168
1940671
2364838
1305385
1297500
1478851
1485185
3598319
3537855
5969571
3287613
1773065
1293450
1298622
1305643
1296929
1305410
1297981
1300819
1305016
1303717
1303168
3032434
3569911
3179706
2979552
1874935
2138985
4736002
1892826
4097377
1418408
3221369
1470403
3897734
1441030
26412106
25761178
25922902
26147706
3006424
3826526
4172624
6534064
25785812
10744976
25821124
5384590
24877502
10466639
3720239
5090799
4172514
3014582
4822248
2342568
5382879
6905207
1292482
4885995
10491666
4862211
26270517
6006335
1328665
2979687
1306334
3033092
1428175
4047068
1760622
1301465
1297769
2074837
1397788
1721198
4097111
1470546
1928600
1766559
1947460
3821067
24745500
1300334
1292642
1293570
1294481
1293260
1306442
1308472
1986504
2257738
6082522
5256122
1304641
1758566
1865085
1437390
1306626
1481917
1781001
1528222
1422101
1418128
1437391
26425088
25767612
19962568
6875265
25785314
3562807
25862279
25830802
25932073
1741924
2078906
1419445
3622373
1293694
25837574
5154197
5941455
24751154
2006364
21361009
10531237
11610536
6518714
3054150
4145549
4221633
4935242
26184109
25812507
3614963
1301164
1326208
2974273
1754927
4301285
1293150
1298366
1293692
1293764
1302394
1296664
1300446
6524251
1293292
1296537
2363925
3727603
2332379
1302684
24527661
23165672
1302167
1293603
1305531
1293412
1292907
4103021
2242156
4930402
4189639
5250330
1300904
1298291
1307384
1305596
1294863
1316560
1293493
3008143
26411872
3012012
1874226
1307012
2146945
1295518
7061185
1297626
1299809
1299607
25932513
1433556
1400668
1306733
6719716
1858267
3416676
2240855
1783062
1841467
1417215
1824003
1853272
3360087
1471833
1297415
1300845
2028417
1297101
2383044
1306671
1308628
25827270
3285050
26297389
22508259
21324289
1308670
25826239
2131468
1292505
1303283
1293454
1309091
1958926
6430691
4263774
1812103
7916027
1294379
2993217
1308859
1308769
1294893
1309200
1304338
1855300
1296701
1439542
25863940
6772974
24845115
10796594
25774050
21264315
10355623
1419203
1421822
1297424
1395036
1293470
3036464
5036969
2218079
1584750
1418191
1307354
1418189
1303382
1292982
20426995
2173334
2272493
3142482
1769827
1299239
3390929
2146439
25818615
22419433
21263717
10461364
21359391
5285692
25910109
1920141
4822854
4906297
3025452
4216541
3151410
4111340
1860770
1417237
3641137
1455959
1958716
6397558
3162138
2121854
1981973
2408796
22299426
2361826
26140405
6402464
2369845
10508896
1919245
4766920
4936669
5351754
1308620
3563200
6424025
3999549
3317125
2969529
20285037
5996814
5323683
19967905
3907232
19967908
20498291
1465284
1507134
1460833
1915312
1908036
1465654
2142533
1964728
1795576
1303426
2138227
26661104
25735629
5200930
3154908
1307641
1303294
1301020
1294353
1306609
4706257
3074533
4902100
3654346
1972721
3012010
2042279
2042219
1796085
1302284
1858233
6886490
4861408
1441612
5250369
5240875
10508878
6900093
10788846
1292466
1293868
1418671
1873269
1308457
1470155
1307078
11501396
1297929
24852462
6402151
1307582
1419924
1400673
1293377
1293926
1308381
4840357
2027938
3731463
3119246
3346417
1301687
1295320
1297090
1812328
2133368
6857606
2975908
1297965
1437275
1440363
1875985
1300943
1476926
2056066
1982581
10440112
25881628
1299900
25800837
3412882
3734112
2998270
3578981
1306160
3623024
1308376
1856875
1292803
25829829
6902929
5996847
1304288
1480544
1498629
26337359
24532463
20375510
4023396
22183063
5414629
4704891
2367243
1850660
1296242
1302868
1307687
5380919
6827727
1301582
5360890
1303074
1292965
3926927
1306824
1438425
2141737
1305010
1292871
3829499
1300755
4858035
1472908
1484621
1845647
3139168
1306632
1924440
1309119
3284877
1302235
5977789
3073499
3078517
1296538
1295720
1306559
1303566
1306807
1292914
1301443
26333124
1302302
1292452
1401843
1298704
1764842
1799000
1300605
1463958
1295271
24697552
3006306
24743119
10733376
10746175
6537500
1308596
1390022
1308504
1389937
1361252
1303475
1292471
1302943
1305532
2133413
24838232
26330829
25940531
3230121
4844903
1325399
1308764
5064220
3273435
1460846
1294252
1294421
1296834
4078562
4858775
7161707
10569022
5153025
11599151
1294781
2368587
3011102
1307363
1947144
2133318
24876991
5385558
3218718
3210534
1499762
2380056
11614065
4709671
3073158
10450713
2127789
1305430
3730325
2265098
3284396
3011094
2033530
2132930
2080849
1914652
1305934
3279080
4312428
4156402
6875647
4301181
3001077
1307221
26372545
10741220
1297944
1295333
1302109
1300266
1295187
1299943
1408315
1790754
1417865
1949376
4745364
1301566
3834175
3745292
1305183
1294671
1297670
1483577
1304199
1295273
19957083
1962115
1309080
3162953
1875554
3101734
1306471
11606328
3287750
3233609
1299550
1308129
4196227
10774066
3369178
3447563
1303036
1303081
1292830
1306546
1303525
26276359
24877015
1297384
5153370
3627296
5413813
2978357
1966139
10332552
1315574
1295038
2277135
1309199
1307840
1296924
1444595
1408298
1438066
1418570
11610281
11601131
25825574
25835306
1309162
2143913
2059321
1293986
1304856
1301442
1297277
3003830
4074009
1291552
5996800
20432985
4326072
2147836
20441283
25444447
24695277
6124012
3077840
1297833
1305337
10521893
1299067
1307921
1302110
1291585
1307811
1296852
1301468
4582944
5977836
11639147
20266753
4301662
5151892
1303026
1853176
1308751
1309071
10428476
1308972
2138310
1476755
3610676
3284392
1293259
4849720
3007070
1308063
1467094
1292959
1308715
3041269
2264715
1304600
1298586
1294990
1307527
1309136
1309021
10438582
4030657
10438585
10553750
4826409
1294174
2003156
1306381
3993498
1300031
2134296
1304901
1292588
1949328
1793909
3022440
1309003
3156124
5153008
1293178
1295278
2020140
3092179
1962057
2044338
1304027
1294585
1294763
1291838
1308753
1765009
1464130
1307365
3448499
26304209
1297598
3104798
7065417
1302640
1401470
1485354
1307181
4160568
4120583
10555085
3231740
6431054
3217142
12012475
1301118
1424325
3025666
3262184
3288397
3134127
5951292
23048775
1306467
1300186
1433557
1306367
1308436
1420069
1308494
6118292
20514906
3097445
1482086
2062944
1302192
1305036
3078566
1298822
3542617
1299704
1307876
25723095
4023433
3914547
3818565
4720358
4291263
21965529
5446203
4074143
19964002
19964013
1790609
10740274
11533347
1857405
1303871
2265740
1296890
1296674
1295697
1299627
1295835
1304258
1294092
1421477
2351048
1298981
1294559
1295582
3893805
1925058
4915854
4813493
5151939
3179752
3073118
25852263
22893923
1308767
25909566
22759752
1303059
1459097
2978752
2156775
2083944
2054428
21870330
19975328
1305529
11808948
25917236
2337597
4925460
6110559
3018483
3660907
1297753
1914621
1302193
2063530
3895511
5323957
10810745
21349345
6424814
3071441
7054604
3077742
3158778
1798412
1291829
2362701
2264143
2281707
1306713
1307657
1507151
1297003
1309132
1470603
1469165
1309219
2238011
2377262
1421366
1962949
1293070
3068193
1306445
24879770
3230023
1300685
1950896
1938587
1299176
1298202
1419362
10577854
6875277
24530943
1300392
5153481
1306536
1441763
1448758
1300080
11232686
4826330
2141630
1302006
1422279
1296588
1305956
1298893
1307678
1305003
2084502
11600071
1385567
1293042
1303897
1422340
25853449
5152333
6524263
3006416
25898213
1298561
1303065
3005365
1309090
2058121
1308619
3283192
1301600
1755985
1297419
4188284
7051471
1892526
3138617
1293702
1470602
1296947
1296260
1308960
1294874
1292509
1470592
1302802
4301215
1940094
5993185
1294638
1292529
1293494
1292887
1471508
1297399
1292597
1297735
1301647
10467098
4206477
3027162
5156619
1916915
1460980
1292891
1303655
1296912
1295932
3428410
1448595
5155169
3749947
7015798
6801386
2008683
2027933
1759849
1299133
1297549
1293618
1865026
24312921
2302518
3819528
1732388
3560397
1305323
2146591
6021917
1439704
1417885
2355971
2150453
1995011
1293713
1299767
1294697
1785021
1300143
10484601
10755584
4832825
6888712
4711343
20436812
3105162
1293330
5119273
1302582
1304238
1302992
1301185
1890108
3524289
2002954
1299495
3092913
1292321
1782663
3706884
26353874
5966609
5432221
3601176
25792608
21793840
5953625
24753439
4259560
1417555
3170961
4922398
3387483
1305929
5188729
3769442
4074733
3282396
1300399
1307669
1295805
1296688
1296848
1295300
1293108
1300940
1301780
1304579
1296546
1428602
3217150
1395455
1466910
2131291
1407147
3403766
4250623
2037958
3012819
1299972
1295204
1296720
1302718
1300092
1296628
5028536
1300208
1308595
1306490
1297602
1585236
2155676
1585146
1309053
1308738
1293658
1302512
1297274
4705077
1292625
1483811
1300085
1307919
1776803
1904612
1294710
3078403
1308046
1422986
2375627
1408103
1860073
3009079
4120634
1306955
1298297
3008712
1302276
3179758
4133237
4822845
2279772
6524238
21532748
1769048
1300287
2155210
1303407
4154944
3011552
1302209
1294871
26591650
3880545
7051900
3671986
1783461
3291178
1966126
3430331
3371652
3818971
2342530
1301689
1299586
4942776
1293792
1298256
1298998
1293543
1294456
1296832
1298400
3244162
3126196
2214140
1940867
3268216
1419416
2349928
2031628
1987036
1293431
1299964
1296140
4032746
1305113
3055049
3592845
1299576
1295078
1960257
2063914
1853686
1771629
2265833
1293565
2265805
2031586
25802350
1758363
2130163
1419584
1410822
1307819
1294131
1296129
1297152
1295402
1297736
1306378
1307130
1299440
4082247
1874938
3243752
1308176
1309178
3069349
3071624
1308772
1293400
1295915
1297569
1299111
1297194
1294114
1294549
1295106
10590733
25794024
24522843
10438697
4843480
26059437
25942234
25853639
1300774
1299213
3008671
1759762
1457217
2132425
1401531
10558252
6010171
20470074
6855097
1937946
2010972
3074682
1461865
1302367
3011108
1292667
1294986
1292877
1295414
1305095
1308579
24530627
19962575
25761131
25710956
10759790
10759926
26241441
10759842
25758847
25762588
1307980
1304459
1294197
1419052
3076706
1291989
6432898
1417084
6082513
3024983
3737155
4934987
21320289
3908423
2982823
25796222
24749076
20505641
25884822
1307067
3450649
3011459
2132473
2364074
25833557
10763928
3073287
6788731
11610651
11524913
21798756
6383535
23406462
11625066
26263463
5114730
1291872
1297544
3566747
1294509
1299885
1294940
1478168
1461403
1420080
4935004
1305281
2270438
1532365
2075345
10440069
25798131
21977761
1297052
6791750
1418640
1291588
20016764
22520586
19973416
23852220
1946342
24869471
5913036
1890157
20277632
4914616
10463991
1773136
1305501
1299557
5905774
10955310
2046579
1464907
1441778
1419941
19969211
20470368
4913491
1300395
3823425
1408100
2117844
2338160
1302930
4892642
5193839
5366656
3299552
20254272
1785323
1298499
1304159
1929546
3182864
1292277
1303031
1300375
1303082
3007826
3026357
1292660
1292759
3578680
6799133
2336737
1427034
2061185
1506769
1427038
3399850
6754616
1401920
24700666
4728518
4718369
1790045
1432660
1301033
1306025
1471586
26245360
2345021
1293503
1482105
1441889
1296284
1862595
3124151
1908194
3450445
4892630
1914599
26411518
1866487
25835196
5151894
1296874
1307260
1864339
22994672
25767747
3314428
1293166
1292451
1301869
1293604
1788625
1301475
1292892
1304744
3212310
3445457
1389995
1417730
1293004
3731349
3878696
2160064
1839718
1304522
1293690
1929441
1307675
1305067
3008271
3327338
1300977
2371909
1870004
1436824
3060582
1903381
3927734
1301806
1297611
1293656
1294997
1296666
2282456
4723096
24529337
11500309
3273441
4090715
1298851
1293173
1309042
1307762
1306657
1461026
2045259
1298333
1900237
1294182
1293647
1419961
1292831
1300319
1296094
1297000
1300130
1309098
1304938
11226123
3434499
1299984
1301110
1299335
3041806
2080133
24870630
25894486
20445157
4117426
1307990
1962334
3284099
1302434
1793912
20389706
6729857
2295806
1300714
1438924
1759386
2336783
1764796
1292718
1292055
1296491
1293038
25961919
6432145
5273469
6432144
1302012
2054491
3014302
2127873
2127865
1301202
1301558
11516701
20284972
1915381
1433673
1945765
25839662
20514947
23769147
1297193
1297356
1298703
1903478
1949005
4067428
1297800
1845728
1303691
2127856
3402980
5969347
1296859
1297845
4206468
25889645
25927451
11527516
3094544
3073072
1303624
1294808
1295403
2067487
3838717
1307234
2076168
3600755
1996735
1293579
25947518
20427004
4102971
20393972
2153526
1299945
3007811
25723328
10432181
6060652
1302294
1305781
3018122
1940670
1408099
2068396
1903267
2252778
11599168
1418157
2242338
1306548
1297234
3662553
1481913
1481918
1578641
3205368
1298708
24849703
4930652
6390761
1293046
1421807
7015788
25892603
1951108
2996640
1945253
7564958
1307427
1294634
1292590
1293815
1720137
26304268
4316668
3562662
3166635
2042121
1308582
1295808
1292834
1301419
1299136
4022142
4934988
10740303
24753685
6829650
2334814
1293480
1440296
1298056
1473795
25895901
1401908
25870236
24732958
25882279
1469239
1418018
1303831
1441895
1475805
1473128
1308530
20515892
10864706
4290704
4881274
6516595
19974285
10471540
1898357
4130238
4106641
1763939
3992966
1421737
10455077
1764825
1297839
1462631
2998439
5140934
5156263
6999855
6301361
4158024
4074158
4204586
3448242
3628789
4293680
1427356
1292765
1926706
1937911
1779321
3532614
10763164
5502697
2038174
1921583
1305791
4914656
2141760
1962116
11625417
6736927
6808713
11507683
5954494
3992363
6875543
6717601
1305561
1853749
21371664
1303983
2084048
1307922
1306755
1304124
1950733
1469105
5206525
4917906
3442857
4022091
5913837
5326589
3405642
24869399
25802322
3637220
25825863
6877520
25741390
1578643
1309051
1292779
1302762
3212400
1292626
1298401
1300713
1300343
2028677
1309070
1866354
1309038
1920907
3011996
4728881
1438746
2221594
26242647
24754082
1949310
3329336
1308761
3001149
26258752
3005387
1757164
1298574
1294366
1303145
10459051
3397503
26323045
25920096
10771216
6132609
4904672
1308002
1437909
24522640
4071781
1755695
1864740
1482853
3032429
1483433
19961357
1462550
3228094
3730219
2070512
3443395
25972855
25752451
25745564
10617175
25972488
20388242
24307625
3428529
1428071
2068327
1968675
2998463
1442752
1829853
6722731
1307672
2272497
1899601
2300450
1308709
1870682
1506867
1829537
3530407
1927364
5908859
3775167
24882719
21442760
11534089
5327216
19963896
25717817
1296388
1428368
1301027
1401913
1303150
1303328
2255927
1986567
22965534
5407055
25811030
26322983
25775704
26466429
25662357
26575234
1299655
7065120
1419992
3114033
23774554
1442078
1447032
1295899
10514980
11520899
4028789
4212522
1309139
3077826
1308836
1293864
1298997
1295118
1959780
1307532
2072239
1329962
1299649
1419981
1931425
1422086
3217122
4301278
3154909
3326710
1292911
1294631
1294310
3004246
1438290
1307853
2133403
1892504
1857175
2081213
1741559
3161901
1294224
10739401
24381567
10745412
1401887
1307620
1309193
1308110
1306295
1478926
1303448
1474738
1767604
1309195
1467806
1763526
1306814
1494928
1959855
1303084
1401378
3203808
23712710
1305086
1424640
1301214
1304582
1466290
1303856
1463433
1440359
1306523
1303660
1301649
1789292
1917165
2149465
1294388
1305288
1297489
1920144
1296610
1978095
1307027
1299311
1897294
1295155
2226510
4799465
1307249
1296061
1306212
1298432
2342491
5240540
2252771
22518619
6040359
1306511
1293449
1300259
1308816
1427319
4885994
21351006
5979003
1292341
1299125
1418016
22637441
1936563
1941581
1987561
1297100
2367876
1929438
2977731
2043014
1308999
1482075
1908181
1418190
3148064
6757776
1301549
1295207
1298162
1305070
1294880
1296548
1297825
1299463
1302233
1299037
2983281
1307403
2134285
1422106
1303693
1296698
3542615
6974439
4944035
25862356
2085537
20366095
1294227
6121040
1308748
2124724
1308672
2364054
3824339
1985677
2997134
4924142
10531234
1297501
1305262
1299991
1997937
11528325
1470398
7056420
19976901
6753091
6875607
4300641
3238087
5973984
1297628
1309211
1307043
1393479
1308821
3718424
1304643
1294011
1862345
1470400
1297389
1302786
1440698
10485481
6040997
10546665
13899371
3149087
1308225
1294007
1550445
1422067
1863970
6041222
20431537
10833867
11226073
3990145
1858271
2108035
1305075
1301108
1301562
3082452
1305595
1307434
1394543
5401685
3071248
2279570
1481649
1400869
1292967
1299487
2154245
1307478
3602722
3095501
1304543
1297666
1305394
1301887
1296487
1293840
24855500
25812395
4313077
11620515
5385724
25785118
4312967
25899822
3272978
5948319
1308308
1902832
1296636
1307547
1291587
24704862
5387045
5158101
20415226
20451129
24869461
5423352
10430875
20514780
1299904
2252773
1588945
2144242
1303847
1839857
2054932
1293921
1293348
1499251
1294546
1778624
5151820
11538029
23431760
24312655
7015793
20415231
26279366
10740275
6129692
1472144
20497633
7065187
10792322
5968834
2354729
1788431
1478063
2976100
3141780
3073218
1945785
3564499
3073198
5423362
3057368
2133409
2268042
1401906
4038374
1400667
1307456
1296067
1297474
25785114
10741871
21356379
1296634
1308113
5180693
26282138
3432847
5161934
4019612
2228536
1420012
26307094
1484052
1932889
1945800
1866213
1471815
1296250
3087326
25750719
6226837
4110164
1418108
2342678
24753687
1308024
2253586
1297643
26312967
25899439
5208150
1966355
3993542
2264077
10793719
1418052
5950117
22853670
20277361
20451124
26262806
25747689
21329355
20381199
10432911
25786077
25884416
20394480
1297881
2996275
2124454
25769362
4896316
1295514
5154001
7054804
1301679
1947285
2084436
1968632
3268493
25824534
10577979
3642302
26283302
5159111
4308449
19996285
26591125
26292254
25710912
25858785
4881607
26320029
21662408
25838463
25827325
26289126
1951148
1303016
1459620
2027923
1305945
1305843
1486019
5028368
10446625
1477533
1928198
2971887
1293932
3897842
1897967
1293236
1301798
1416895
5294432
1329957
2328234
2263153
2132475
3205567
3036472
7059561
1295389
3892180
2275255
2111619
1302344
1422913
1308564
1309028
2263112
4821015
1777570
1299769
1293779
1303724
1303781
1293417
2160018
1987408
25900045
6809560
6809548
10546696
1741703
3008715
1437541
6873042
1304971
2137737
1299530
5173709
2075503
2003865
3395460
1302194
1395040
20423847
1297693
1300074
24695886
1908182
1294375
1306002
1440265
1303654
2043497
1949082
3158857
2268557
3158864
1763430
1580640
2382740
1764388
1780843
1580642
1300161
1304687
1863447
1434257
2036940
1292493
6225992
4707209
6782006
5290729
4711195
1292950
5157603
26347091
25830908
3223264
1296574
25794037
10537891
1302664
1300090
3333719
1297355
1293855
2266278
1298386
23416554
10604554
3259352
1437393
2059213
1437395
1437392
1477501
1302005
1308908
1441479
2032571
4234368
1308432
1856886
1873225
5285669
5294324
3711760
2027925
2237966
3804436
3134061
3017896
4051768
3562427
3008267
1296269
3690289
10441247
3012390
5154302
2612102
4930406
4710562
4751270
2004554
3005588
3642895
25743024
2068062
1441820
2008239
1304310
1472927
1795525
2369671
1428053
1298461
1316561
1401240
1306483
1293745
1929503
1939414
4097023
24384124
3988578
7015734
26281134
1734283
6800335
1296778
1309063
3066267
1870683
1293896
1298717
2042618
1796053
3667102
1315570
1918027
3543262
1469967
1481912
1481914
3276023
3822005
2338087
3991246
3166593
5285699
2271640
3011460
1947719
3835489
6253369
1307267
4156865
20471281
10450451
1307187
2991782
4160474
3285610
10467779
2230893
20390048
6749652
2089945
2208910
2253770
3233092
3067396
3067427
5374395
1769364
1294858
1971111
1467044
1306045
4728471
3804746
3670447
3928370
5044741
2043404
2043428
4733009
3402171
4059810
1308978
3074415
1950525
1308160
3197703
26264115
11584450
10746436
3269019
3233636
1481233
1294894
1299619
1296557
1306326
3008256
3673923
1824414
3006775
10745195
10581376
25726658
25788052
5919562
1965999
10540210
3007780
1872019
2006065
3475347
3451817
1781659
3017651
3578715
1961696
3344642
4853491
25934062
25821585
3401751
2007353
1420038
1307326
1306665
3446003
1908913
1908875
1439242
1475183
3017480
1418245
1908897
1908840
3026555
1294725
1300905
2040166
5131645
1296461
1301699
2136651
1450058
4902951
3240084
1307184
1293865
1308848
1308851
1304813
1299359
1307487
1294718
1763691
1794184
1958587
1756489
1764342
25815426
6970694
11599090
25662049
1303340
1301686
1462178
1292906
1423031
2244169
1962230
1434049
1305398
1946291
1765933
1851767
2995721
1997938
1306191
1298348
2066933
1299201
1298790
1295268
1293718
1966121
25716633
6873740
6393334
3927791
1302519
20426863
24311267
3005606
11520649
2142535
3399559
3800019
1292763
23774748
26282696
6873085
6848284
1962112
2028650
2257820
1304939
1305671
1782656
1361274
4099290
3069341
2077706
1983973
3011555
3292361
1417067
26276367
2303776
2155366
2340936
2224813
2157239
3240794
2138507
3041556
2155335
3725320
1996313
1420018
3287578
3011355
4005190
26268610
11625731
24758396
21327518
26630517
26263844
26627672
21340793
1293424
2248934
10455347
3148297
1917074
2000675
1417049
20000085
25723127
6861857
10485939
1307176
25836073
21324293
6873766
1422890
3911336
1427599
1298697
5981875
2299372
1863102
1855250
1295751
7015730
20426944
20254243
5912779
25876119
11528235
6532825
26418005
25845592
4122701
3529375
1866462
2030563
1300682
1297650
1293581
1986872
1466278
5161796
3078632
1440214
4097122
1776964
24324732
1307493
1296805
20513939
11610234
6937816
7015729
1484012
1309221
10462218
10455634
10774097
5109774
1864494
25899601
20398972
4741272
25763481
6905208
5381796
10810336
1423035
2143930
3072149
3878019
10487568
5151891
3256172
3008068
10572779
24718797
5151230
2155447
1864216
2274219
3012838
6857004
4203852
4822098
10464511
3141467
2042560
1308554
21349801
25827399
3426877
1306987
1768214
1768212
1768209
1419880
2077716
3169632
20284747
1994877
3555237
1482073
3154585
20386979
25975241
3628370
10733357
1436679
1300077
1301930
26276358
1305651
1299291
1299314
1721404
5153242
1419977
3764942
26421252
26310141
21359619
26140241
25713408
20471876
26263443
25766524
20444530
5924363
5948656
1768141
1302673
1300082
1427039
1421742
1292890
1296582
1298917
26702319
21351472
25934578
1916854
3660583
3121972
1860741
4911253
2084312
2137298
1300298
1470732
1921917
1889643
1841523
1293619
4117302
1788392
1433232
1422081
1307781
1947300
3099140
1421741
1478064
2028634
1440151
1432822
1434184
1474974
1463224
1506770
1506760
1294971
1506813
1421739
5158650
24532478
24757324
6870514
25722262
20427090
16475702
10605948
11632586
21355933
3426918
1306283
1472038
1765031
1307548
3155961
3823881
2089388
1309026
1294315
1306634
25947154
1307023
20278801
1903408
6128025
25751623
1305223
1304812
1304152
1421740
1395080
1978369
10752478
3564151
1761671
1309152
1299831
2031488
1829861
10455078
10439912
25892252
1432234
2004547
1999109
5334365
1868273
2279699
3076196
3203223
2049219
3614936
3757349
4057263
2978372
2028666
1914787
1293204
1305242
1305243
1300701
1947787
1293785
1308607
1298944
1872272
2371689
1300980
1578646
1949321
3718748
1758777
1294457
1947680
3008263
1761520
3011365
1811755
2268359
4727460
1301690
26298230
4896929
1293859
1300075
20390185
3931898
10551883
24312950
3287804
6725551
6432766
2982191
1307186
1293143
1298214
1299602
1301548
1292913
1427410
3646423
2973851
6425147
1915403
21335021
6808702
4817049
1293050
1293981
3558640
6855108
24529254
3017691
6527269
10461681
6529885
3718678
6873819
11502889
10536969
1308775
1300162
1947270
10864754
1302836
3074503
3412830
2980609
4917698
1897368
1294450
1950396
3173026
1305549
1440058
3754946
1419985
3792816
3557094
3081743
1995569
1922572
2297877
3344677
1300108
1293323
1306505
1307681
1308070
1303967
4215668
5365461
3696913
4305081
4134131
4314640
3523261
6558347
6793337
1296581
1951469
24741151
21370611
10748498
3675105
6788265
6873331
2994851
3025993
26078872
25768714
24220963
26438924
24816248
11600252
6902032
25691367
1303519
1299999
1295567
2134835
10765742
2223463
7065117
3725324
5250321
21345845
20432983
21769276
20435044
5341808
24838726
20438437
3747344
11499793
5044751
1755448
1305236
1297016
1293432
1419168
4714342
3082098
1981804
1828392
1296266
3097352
1294707
1293509
7001282
20439088
1300022
25824781
10432362
1297896
1401206
1294516
2350883
1298950
2295259
1467165
1305748
1308835
2988772
2373645
3757154
2568138
4233875
3402469
1950192
6873176
1299366
26276504
20415239
6851218
1300778
2155910
1307716
4134631
3736637
4014405
4821046
1440884
1457567
3250887
2141654
4818155
1296815
11613507
11500300
25865408
5152973
6957283
25762153
25829264
10537987
24858965
21323710
19975090
6529847
4319017
1305620
1305274
6041199
25823833
25709273
10486471
6875611
26365723
7015732
1434269
1439713
1294139
1307320
4100696
1457319
10604851
10526498
2046539
1484148
1309100
26292143
3569996
1296218
1303485
1307528
1305224
3892449
4323732
3737283
2137014
3732742
6121039
4203863
3872361
6003428
1303176
6957273
10604892
10828426
2132924
23126901
2415779
5356183
1776577
5289960
3003370
5954347
5377122
1981076
2296012
3060663
2357361
4891208
1859112
11528251
3240869
5908470
3016788
6886498
2216374
4728559
2078989
1962160
2422219
3344570
6058567
1916089
1303770
1292768
1855271
1293439
1294726
1307790
1294500
3420455
1449620
4906416
3773980
1297317
1437410
1300820
4022582
1765508
6905206
21355781
3558661
6839145
4846693
1470401
3380831
3183048
21647331
23566157
6789432
10769695
2083735
10763157
1796824
3445575
25856626
4238950
25870679
1308743
1395547
3101985
1300827
1304749
1753851
1401501
1438637
1309044
25740966
2371922
1301738
3718210
3805091
1300549
3804707
2132290
25754806
10462917
25702575
6902352
3036578
1401623
1304740
2225321
2073674
1304970
1303907
1300942
1299646
2367853
2978117
1293634
6872280
3054147
10461348
4911247
1308982
3145395
3987473
1301271
1299572
10546814
1304129
1297522
1959877
1796752
1461073
5046049
1298405
3998107
3660508
1800440
4604028
1292475
1293210
1941417
1297685
1302536
3011335
1786363
3285295
2243214
3021842
1463710
1979015
1306231
3884019
21098725
4043745
3163541
1474405
1309128
1303133
2076386
1478318
21348478
6959179
1303253
7015586
1305074
1299251
1308774
1948397
3659405
2303056
1292846
3898722
1418696
1462467
1301997
1298003
1468527
4302814
2044268
1493920
3256191
1914681
1306915
1296252
1297509
2038379
1307663
1304905
1437428
2996158
5959251
10740121
3731662
5327201
10345617
1297038
26600346
4882976
1299662
3806748
2160085
1864318
3275040
1294042
1303424
2170915
1294712
24879258
2995728
1804044
2015625
4088850
2241692
3238187
4839418
1293903
1304897
1774058
1926660
2045848
3652297
4116481
2210143
3699737
3401684
1946776
1876031
3684299
5327655
1293508
10877413
4249355
3742937
1301783
1295178
4146512
3250894
2269895
2132410
2975682
6875610
1421778
1510403
2118235
1457905
1457768
1440174
2335117
2061612
1300568
2973451
6875402
10522066
1440030
1304677
1400666
1301865
1298359
1844736
1294098
1297561
1307540
1301013
1302069
1295727
1296758
1790199
1457435
2301179
3065307
1963965
1481499
1530604
3760879
1464389
1305431
2060181
1890460
1950821
1299588
1306408
5938000
1308837
1308950
1308719
1299691
1305914
1295220
3036789
1306603
6874140
3162781
1295200
1407148
1419689
1308710
1293934
1870811
2244529
1476976
1918382
1889906
2059811
3014622
1299556
2278266
3274096
1292050
3047617
1475047
1963605
1304273
7015731
4832564
4723158
5163730
11506867
2245948
4217398
5341847
5175469
25918596
6804361
5969311
4300910
4901675
4899571
3263472
1432700
4883300
1316627
1438584
1296467
6727346
5200734
4903575
21329294
5170282
1298638
1293972
1292761
1756213
1994839
5380183
1782648
10439904
10760272
2084427
5157872
26582012
3681675
1293541
1292756
1764114
5240079
1303621
1308610
24845151
4836985
24532442
3813752
4300564
5279601
1301290
1785888
3628503
2084525
10514829
1920460
1292905
1295249
1578715
1302671
1767822
1307884
1309222
1308829
2075994
1949128
1293798
1759288
1300892
1301907
3195518
25911449
1293395
3619835
25844364
6532990
24858298
19972177
1419111
3053260
1297076
1459795
4291043
24870786
10727845
10806233
20444938
1301512
25979510
4300523
1827826
2005841
1307807
1296026
1293730
3358546
10764055
1294258
1296209
25879442
20399436
1812201
1777387
24522908
5157037
1308814
1308101
1417309
1304271
3789917
2969891
3176523
1308027
1306250
4729551
5188075
25864791
4258496
1296508
3871955
3640870
5240882
25871562
1295281
2131149
1925780
1874936
4707678
1468650
1292502
1308333
1305229
1307133
1305129
2019965
24719174
24523681
5184108
2332471
1306742
21346519
25931578
3562508
2042115
1300440
3011092
6601382
4844835
5910040
3289866
3775163
4910868
1306031
25823076
1295887
4301268
1306600
1300490
1420023
1417958
1295645
4051753
1927369
3986493
6781964
2351870
3174114
1919592
4888476
1303769
3213173
1307848
4089361
1461354
1299503
3626416
1819388
1292333
1294572
25730893
5193997
25910552
1292587
1947272
3089356
2296206
2979860
5154951
5150819
5965762
4147107
3987536
3195806
1812767
1401504
25936400
1800626
3195735
6808683
5153310
1506775
10605440
25887018
3442585
2992042
1917313
1306988
1306008
25785003
1484218
6079983
1417901
1325007
6126757
1906051
1860656
26639958
20388691
1293286
24751805
5165449
6876020
20433471
1300183
1308290
1298252
1480318
1293265
25944282
4301248
1470395
1309065
1474203
1307311
1308998
1436680
1296795
3096438
3237479
3073204
2216151
11026617
1302376
3004244
1302482
1307257
1422961
1792523
1293688
1297088
1305615
1295225
3542095
1299276
1295122
3269381
1298852
1947303
1306185
1302942
1307511
1470396
1305566
1762699
1302292
25670379
24842277
2044334
1856871
2348340
1875340
3993761
1427622
1424735
1763132
1308543
3034445
1292495
2011537
4103481
1297497
3569943
3040396
1296891
4225584
1306858
1922691
1298900
1297126
1441039
3026786
1296872
1295656
1870062
3175623
3603156
1292910
20471819
21937253
25720115
25957213
6521506
3154392
3309770
3177929
1866097
1828759
1438851
1295252
1470775
4228550
5382877
3143038
1304006
7055316
3819427
2993421
1892399
1848944
1477191
2265701
10747804
1308798
4091053
1306214
1308793
3789921
2156375
2024935
11630813
4944009
1300285
1306610
1298120
1301376
1370237
1890558
2074869
2365143
3595323
20515275
3612296
4861621
3220918
1865433
2209872
1766082
1302345
1498410
2075319
1457191
1949900
1308611
1521917
1443648
5488029
3804835
4753436
5156706
10508907
2132426
21329862
3718778
4935005
4733012
3718457
1421900
1418859
2160439
1855783
1308050
3072894
1999216
2225175
3319767
3099223
1422920
1303910
1307503
5937920
2344893
1968438
4922404
11610684
2124950
10810398
11599239
25725308
20274105
3212352
1293732
1303689
2059054
5392105
6018984
5450868
1797176
3287649
1949837
1805952
1482077
3934186
1997491
4303958
1306746
1422332
1760775
1418642
3829486
4313237
4067223
1450015
4745470
2269314
3155161
25965779
25911452
6886873
20482777
1470554
10833971
24875658
25782827
26247318
25872931
24773954
1297983
1294592
4723113
21349175
1307900
1298270
6001229
1787279
2124923
1296082
1304150
1292476
2298032
1826768
1300632
1305130
3726986
26316563
26581251
25985574
2073102
1294496
1301273
3262091
6984039
1300172
1292736
1798072
22557483
26012018
21766698
1964510
1309166
2297203
1305460
1303141
25755547
5416018
23062125
21329738
19977881
25783854
24889144
1304155
1306805
1306924
4125000
6041817
5968334
3036477
1304603
1304978
2004082
24321344
24374245
26602200
1828395
1419934
2337773
1298437
10743804
1295920
1292550
1467923
1296295
2036794
1441950
5169024
2326648
10945551
6313765
1292836
1293956
3006517
1306730
1308208
1296710
1303421
1926816
1787541
1293133
5313081
1871906
4135259
2147083
1458468
1295672
6875451
25934339
1420094
1959212
2072157
1308623
1467081
1902701
1862346
1301635
1433678
1941242
2969402
3008655
3090455
2131654
6395463
6873875
3082472
1302990
1823360
4312211
3095375
3716265
1473475
1878011
3441474
1401384
6101716
1420215
1828213
10473631
1294675
1847588
4783582
3290421
3658392
1308676
4924806
4070625
3285632
1439019
23775627
3148994
25843331
7161717
5207904
5392075
6001038
1300275
2282449
1948937
6037981
3072884
1293777
25899435
21359944
25745560
6307737
25785269
19897641
25834500
2043546
21945191
4246125
6521884
21327875
10472718
25790833
11600065
3629217
3533149
24704954
1962628
2359711
1775450
1966105
1890567
7015728
11523471
1309036
1295222
21724200
3670997
6129661
1295190
3329731
25840484
25818840
1293364
1438039
2380987
3095418
3433571
4721294
10538110
1900858
2143781
3103413
1294953
2053185
3240828
1381964
1770547
5031411
25813439
24904361
25789398
2077430
1902088
2133326
1793916
6041122
25905034
19955871
3150816
2353083
1849410
3759617
3017555
3008265
2189743
21318490
1839970
1300855
1296659
3041548
1468547
6873228
20388696
24325906
2264023
1294196
1293500
1304353
1296103
1798225
1292721
24757228
1294498
1295014
21324290
4301659
20515015
25814453
1951195
3078391
19973990
11516131
2118538
3081360
1302683
1305760
1298932
1292572
1296528
3732368
4231738
5325290
1308754
6432156
3632550
5503303
3871833
1296194
1301050
1298111
1946882
2059125
4117274
1892147
2998395
1966691
2271602
2935729
1865561
2931930
1299274
1301541
5374152
4089056
1298216
1294849
1297121
10772258
20257956
25929403
11593536
1293137
1475262
2078246
10738134
2299238
5164291
10747814
11598669
1824708
1304532
1947292
2981579
3749943
1302546
24857646
1907160
4305325
3706760
1299613
2239691
5405388
25895423
1302741
25711313
20380328
24736566
10776641
5158492
6875279
19963862
24695575
21340190
26414302
10441410
25724004
1300508
1303497
1305582
2980759
5375388
1457900
1457626
1422073
1294120
1457715
1301166
1302769
1303674
24878250
3158449
11580479
24754302
6872253
25768227
3017475
1866959
3222028
1499492
1796154
1292922
25980243
21937436
1299559
1303676
1479860
1302393
1422908
1293893
1806013
1304626
1459148
1752069
1466922
1871531
6877511
2160145
25885212
1901363
1949606
26205451
4118068
6890737
1294293
1758894
1788350
25821380
25858711
20490910
26276363
24855778
26280333
1457904
1776806
1299282
25890330
2035152
3630615
1866264
2133340
1296223
1298189
1298310
1899767
1401180
1308655
1419581
1304282
21350552
4145487
6412608
4241859
3044937
3011097
6781971
21370624
6041200
6877703
10545939
1856060
1906779
1780932
1873750
1419986
2338069
1946890
3346995
1308247
3007297
10550943
10487599
20561967
26347901
5193457
25792813
25826573
1388196
3287639
6878133
3858488
1300637
1506817
1768167
2335100
1299965
3273910
1308197
2335116
3567857
3285088
3217669
2268357
26296609
26176832
26236795
5157856
3688345
1768192
1506768
1768182
1298876
1307906
1308838
2138519
1302737
1306670
1299591
1299175
1768181
1506812
1768179
1506816
1578509
1461348
5222982
21360462
25963380
6872262
25837793
1451895
1422987
3611483
2016214
1779689
1293009
1474302
1422938
3091271
1506820
1303937
1299814
1760711
1298299
10532705
1768217
11500940
4011161
24849911
5341846
1479596
1464520
2245941
3263702
3173635
26201173
26258872
26359269
26392309
11498731
3563121
3566931
3157583
1417236
1417234
24705815
25853129
23301948
20020541
26269516
26183919
20285208
26277727
10590704
5155222
4170429
4118060
1901386
1910215
24531286
5450894
4057157
6003075
11524441
6003078
2357114
5339124
21339707
24294236
24703986
3571005
1894454
2070308
3297229
6793319
26351660
24856648
25749872
3011019
26276361
3231409
3543084
2287193
1769833
10577660
11629297
22399937
1307421
2978549
4236191
1915729
10561880
1464901
4101476
1795570
1300371
24152563
3073071
25913634
23010341
1410695
3077673
1986324
5110348
3337641
25717666
26592232
20445169
1304899
24878180
10512804
10456963
1298467
1532205
1439481
3054345
1308496
5202353
2045321
1547134
10465344
4159499
1470456
11614603
24879858
6984064
24743712
5319835
25834473
25881786
24751757
2277776
1316682
1303487
1297053
10465127
6967878
25949644
1306830
1304869
1309001
1309124
1305735
1305673
1292991
1301416
1792917
3410465
1985959
6097350
5944276
3438138
1473174
2381020
1844182
1309024
1299378
10800644
6946772
10573438
20472857
1302463
2374470
1292799
10521712
10545930
6436751
6738712
2018131
6714088
10594958
10583863
25746519
19962579
10567087
10554941
1292780
1957940
1950454
3187930
1475269
1466243
1424632
11598815
11614086
26271868
20416430
25834460
1428236
1470093
1521941
1770825
3228086
1427040
3036469
3780045
1470402
2036853
24744458
2061209
5152988
5240507
26342699
21627641
6529946
19908300
25663270
6060363
1301477
1306154
3175212
6971303
6806574
5345407
2381701
10743974
6068516
1297345
1299863
2036274
25662063
25813850
3312747
5041077
5942161
5238438
3231823
5160385
1401600
1299097
1916114
1856928
11498724
25919349
4944004
1951386
1297751
1302794
1296684
1782013
1440624
2357433
24853100
10355333
11600079
3041010
4028404
10487676
5157403
2982145
26720495
20379462
3439317
10741648
24705136
19896409
25830594
25986684
10741647
11625733
2065186
1464872
1308443
1939808
25969201
5939160
3994534
1499895
3563241
1300438
1772850
1299891
3815848
24708493
11527487
2271598
2330661
3566509
10430704
10617172
26418086
1438247
1299795
1949324
25701866
24325815
25794212
23767433
25947297
10001432
1302369
1304915
1807067
1457587
1887125
1760185
1907628
1765365
1874913
3024295
1417074
1757927
1303357
1294209
25929488
6872214
1937071
1851701
3004038
1307306
3732734
26252156
5379951
25716057
10531426
3062588
1853770
2070367
1293237
1300019
1812198
1307970
1663415
1417847
2024969
25802211
10514820
1306098
1307899
1438081
1807600
2144256
4311737
1394823
4001859
1945567
1298346
3262939
1306541
1302668
25740432
1299968
3604156
1301283
2144258
1300277
1295516
1307203
2240926
6557019
5180765
1908324
1949608
1959296
2129702
24883463
24379816
1308573
25745827
21264285
25872278
25982681
26383523
25955476
4922789
25870483
25850944
6780857
3161319
1305244
11610998
3285893
25885385
25912917
19899656
25788662
3304014
2329018
1867762
2137179
5290014
24868251
20393686
25733490
10465148
5954958
1302457
10788219
13934405
1299325
1308867
1293240
1916935
1297532
3058710
1299122
1823218
1300070
1296826
25758654
1421738
1786434
1293117
3835366
1304933
20451118
1303805
3892235
25758979
26219652
1292615
1295159
2074166
20278806
24750968
6874433
1306847
1891802
2076104
2056594
1868397
5337538
3127198
2266211
2060054
1774032
1903587
4892634
4301613
3101989
2998412
4849735
3211468
2146939
1298358
1304468
2056239
1294888
10581908
3739724
3003372
3636748
1472906
25779218
24847343
1766496
1860225
3080577
1296186
5337511
2137045
5256158
2302405
2046912
3243751
1844141
25803250
10545947
25702580
1861113
1466602
1922657
1861832
1433799
3069324
6299910
1793915
1299610
3006123
1892534
3102116
24702626
26011817
25878911
10461726
3158436
1301758
2333764
1756127
4044112
1821545
1307266
1465934
4316666
5316735
6068493
4090556
3173556
1951203
1441038
1302342
1303255
1308771
1294519
3112450
6386979
26611018
6432155
1755634
1756732
3286521
3790659
3222787
3571702
5154360
3583813
1308520
25662977
2182149
1796026
2136841
19969446
5159152
6724946
26388980
5504174
19965709
3267120
1759856
3052698
1307849
1303422
1294774
1303419
1752120
2132678
24857986
2977357
3097044
3436905
24872023
26652816
4058964
3566266
6533054
1298079
1304645
2363919
2049689
1294133
2150572
3612011
1302309
1293560
2266650
3765845
1428179
1329950
1780168
1307488
1306984
1301156
3237717
1301574
1301785
1306810
1962326
2127162
3635973
3178334
10558419
3196686
26041853
10748109
24844958
1787244
1871598
2381933
3032450
10439805
10488535
2063528
1308078
1308627
4946963
1974119
2351464
1859845
1472532
1306474
1306215
1418184
3275650
2062462
2359497
26585602
6129706
25808821
6037953
3617545
4135710
6792169
25749515
25812641
6985065
10483195
22521383
24153243
3292134
2056856
1308686
3999757
3288399
1766041
1294291
11604197
6759226
6090545
3074408
1308912
1863361
1297683
2040075
1850806
2081682
2025154
1848200
3986713
1848701
4133988
3195573
1305814
5323724
3631245
2242692
4097190
5192188
1951175
4824515
3077408
3731923
5353125
5187476
3775261
6984983
2567799
2080634
1461783
24845116
25880986
2980437
2222995
6791675
4731049
6885817
5679778
2284434
6730005
1594093
1872127
1302084
1301932
1299367
2132736
2338220
1293516
1301240
3765826
11534824
25823110
21340771
5981293
1297043
1780428
1299658
2995109
1306396
1292862
1293796
1292604
1292730
1292511
1294730
1292942
25774051
26692607
1903801
10580637
2133466
1578627
2131489
1294862
1305246
1301309
1298628
1945495
2017086
3199475
21332449
25753339
3069350
23255228
24748900
5103201
3562557
1304514
22735668
20380324
25892099
25844430
5353342
2072848
26268493
1422883
4917705
5951228
20645073
1306743
1303682
3235993
1900121
3716610
1439735
1960276
3094547
3094549
1468815
1401592
2342769
3272193
3732745
10678345
3432861
3888513
2075973
1299633
1306186
1416706
1292327
3312344
4133814
10529404
25842340
1316589
1292219
1429063
2301706
1295470
1970390
2988163
2024921
1298134
1308421
1433460
1302348
1308601
1297025
24737234
2138186
1296583
1303086
1294743
1506959
4253168
1899892
3161047
1307515
1889155
11532593
2133289
3126138
1305538
1303559
1294857
4312793
5177482
4164567
10535467
3531184
4109859
6972849
3027164
26718806
26369910
25743383
22556810
3182797
3870900
1899136
1418782
3035403
3291376
1793913
25728051
24750972
26298239
7052437
25815102
3838694
1296772
2181137
3078764
25958788
21359363
24751825
5256472
2132468
7046937
6875601
1303117
1997377
1296255
19971387
25720154
10483519
3003199
3010407
25728697
1307439
1296153
1578502
2118252
1441966
1876225
3193979
4919019
6558248
1303116
26219651
1459399
4316861
1464171
1464141
1981962
1963443
26220159
1778459
24876460
3168519
1294963
3011902
3233113
25830345
26699193
26646406
11639345
3264046
1300807
1828115
26275793
20515078
20254219
6984061
25728590
1295301
3637229
1474948
3233120
26440017
10742456
2283642
4073872
1304758
1304879
1507751
1917887
1498612
1507716
1925946
1485963
1763478
1763433
1305186
6969769
1300583
1307971
1307856
1401130
1861106
1903436
3910996
1499465
2141884
5919548
3402101
11528255
1439801
11525852
6953276
5985948
5320600
20507274
2246723
3325170
4149250
2256809
3624092
1462664
1874747
1724348
1476983
1295763
4792515
3217884
1299677
24743015
20452442
20503269
2979965
3585548
3335099
3295407
2245725
2004416
3022545
11639636
4725947
2996706
6118632
4898491
1306894
4918501
1418187
10748092
24855035
2075598
1580632
6875497
1293263
4181108
4739711
3451971
2059742
1419978
1418270
1305418
1299644
1299494
22520519
10491659
25752416
5948594
4172537
1823385
25926763
5401530
3637940
3073160
1291873
1301720
21332519
1300139
1304483
3033030
1474762
10441405
5185147
4305061
3785958
3236367
3748544
24856609
2383187
19929592
26303865
25986690
11523438
25953661
25436682
4741271
21354074
3138807
1306489
3114575
2150206
6873268
3735015
1296875
1296041
4846338
6601422
24526777
3796282
6531262
10526879
1308585
1294121
1453067
1877942
1937400
5152976
10573439
6259916
3676431
5159257
6878175
26252196
10568385
25717826
10757580
3875888
4018288
1292963
1295578
4135702
3075937
10574475
3240843
10574476
3014714
5993186
20418685
10553321
10862816
1297797
3586642
3731342
5154694
24535127
1860257
5313100
1308928
1786982
1940672
1465462
1449636
6437136
4020991
2155651
1422982
4826840
21328858
26378707
3271800
25764502
25833539
26215203
26355307
20427160
5172461
4924699
25773399
6814511
1298430
3047739
3175819
2156792
6973378
6101833
26599753
5268411
5284634
3258857
3231876
6742625
3599106
3287910
3212991
1867415
3073647
1302812
1292852
2981831
1294764
3345056
1438093
1293806
1950635
1294075
1294081
1305206
2266330
1306517
1293807
1961841
5151372
1293328
2264135
3562412
6531251
4926002
1296468
10749985
1795628
2223270
6738760
1306140
1903199
2993984
1903374
11232687
5975197
4275502
1302037
1306866
6958571
1921644
1756734
1456970
1861862
1296344
1294682
3290356
25737420
24522651
3713786
20527067
4218768
3360668
3360665
3360671
1855048
3156157
1420047
2129417
3002370
1861110
1855939
1309110
25779250
4901378
4160344
1963481
1305877
1297259
2044083
26579543
25767503
25714809
25732313
3589919
2303211
1941401
1917453
2295096
1439452
1925032
3077948
3420669
5356803
1853957
1416297
1870407
3711690
2171083
2979403
1439890
1295449
6989743
20254365
10796587
1438015
1858661
1298193
1761653
1293418
2264141
3436115
1946547
1301912
1297710
1310159
1308749
1303376
1299035
1828542
1443587
2223857
10728474
3447907
6788337
10786133
10604989
10617186
23168725
6117388
6875707
4766100
1511031
1301221
1292612
3110664
24284223
2143342
25851731
24706479
23166020
25739151
25943246
26415288
20451324
4111817
2223848
4845414
3442218
10756638
6814938
10483217
6969563
26342198
2210391
25865526
25813430
10535622
10355612
5334362
25835266
1463872
1483507
10439786
5680984
21351416
20453656
25777784
1950254
1299454
1293552
1293129
1293558
1476093
1302399
5196076
5320624
1296569
1361253
3660570
3317128
5379982
5265489
2347205
1786567
6776058
4293206
1793236
1962225
26616104
25872982
5377135
25872971
25872976
2015600
3890833
3420574
24754207
1909689
1873374
1636456
1759338
6873657
5318758
2337182
3119248
3636373
1469415
1460853
1870582
1938515
1844805
1580592
1476987
1461018
1935793
1479209
20002750
3069338
2260746
6433905
2287938
5384603
6780840
1936919
1783049
24470523
3230143
5969394
6905205
4197788
1297805
1812388
1824422
3233943
5165523
3161863
10515613
21332543
6048735
2971840
25843066
24843402
4262656
4116399
4017108
1302234
1295871
1293829
1768164
1768220
1768149
1768187
1768188
1768163
1293660
1297075
1578711
10533600
6151677
10439256
4202220
10726995
5949814
25884447
1468489
4820070
3166543
1298217
1292872
1295530
1302931
1300939
2266280
1298803
1768170
1305247
25889090
1437555
1294430
1875421
3835524
2139722
2056261
6097776
3602132
25785204
5152602
4934992
1459912
2993877
3743173
5954055
1494704
2300148
2362553
5282441
1298275
6052915
25887846
25889465
2568112
6759556
5265166
7175256
3095189
10561918
24872615
4739712
3210957
25802711
3744753
3558648
1547127
2996642
1301899
2343543
2988893
1305343
1307862
10439840
5385739
6514137
5159654
1958022
4826782
4707212
1295809
1301485
2078398
1389979
1418091
1981984
2284144
1957873
6087799
4259279
1302377
11510453
19971620
10521701
5355067
5325336
3193932
3389596
4036969
3276868
1472335
1472343
2245771
1421881
3011336
1293043
1297378
1482080
2225784
4739960
4074312
7051331
1950391
1305981
1922648
26303614
6875300
22522974
10440198
6854725
6874559
6875438
25866222
3236520
1309159
1864995
1308069
2154783
24312588
1298943
1303515
1296168
10465874
1834414
1307828
1308540
5157013
1302177
1484091
1306860
1299292
1303459
1436766
1938044
5326133
10605729
1309009
1584898
3095492
6428118
1308524
1296206
3295190
6514083
25780664
26333187
25962902
25955510
26616694
26333188
4821215
1483449
6893934
26381716
20558376
1298243
1919555
1293373
1293766
25980398
1759548
3041264
10568648
10467771
19935802
25723085
24863231
4728564
3032359
2268576
1849159
1292885
1306085
22895441
6097381
2980179
25874827
25739221
24996761
3081135
25808072
1301782
1437394
1866829
1467557
3793671
1807770
1814148
1982831
2372774
1297453
1295192
1298902
1296785
3264229
6128003
3878579
3072146
21876940
4891918
2988331
1762708
1811981
3564547
2237254
1474745
1474914
2040114
1299617
3053562
3445559
1996308
4905785
4818148
24877508
5154455
20398726
3155485
1814268
1669272
2211901
25828563
4237863
3899147
5347139
1294232
3681982
1306327
1295498
2132780
1768208
1768224
4347889
10600299
6864308
1298689
2173035
1828605
1294497
1506767
1506814
3002656
1302338
1806811
4156530
1297280
1771608
3450086
1299624
4830478
2146087
1906817
4832341
2078262
1401342
1918449
10456755
1457218
1307951
1297502
1818751
2150780
2125096
1469497
1299141
1292955
5153863
6812873
2074494
1307877
2135299
1301279
1856884
1826750
1458818
25919367
1295462
6521950
4038768
1937362
1925384
2266176
1439338
3770224
1422064
3161867
3271726
20270384
6041219
1295000
1479901
1305995
2149641
11612952
1421292
2046925
1767595
2129354
1851683
3559900
26282528
1308849
1941336
3632547
25867446
25757702
2138467
4718232
2380440
1301856
1291849
3206681
26334993
1793883
6771730
25833522
1293809
1303349
5044739
2259636
20427007
1308784
1297242
4741247
4922810
4906423
5265179
2148296
1465679
3235947
1759766
3542406
26309935
3273874
1859801
1309010
1308759
26327674
24752289
6835009
6989755
25745115
1299630
4603516
3018385
4022126
2363043
3082396
3126186
10755697
6039412
3104205
6772982
4196245
2355326
20524151
6878113
1297336
1298695
1302518
6732874
19961072
2270390
6889533
24719853
3088519
10777783
3213250
10745397
1304701
24163523
4899486
3168086
6875991
3218596
1299374
1297787
1298114
6780839
1885042
2302386
2044201
1297146
3391850
5374414
3288129
11584020
1295744
1439600
2364005
1297124
1297131
1309060
1461919
2062677
20431436
1292470
1297150
1937190
5031442
4959621
3693645
3406913
25741682
5972036
1858250
19965296
5380895
5411029
1298882
1300642
1299957
1301178
1459899
1578465
1466285
6971302
5381241
1441001
1938109
3726094
1444534
2150083
1418197
2054458
6845576
1295778
3003137
1295428
1309061
2003316
1812876
1293594
1428459
1295326
4307515
1296498
1419959
1867223
1914923
1308179
1294452
1293814
1305245
1768196
1768183
1293985
1308833
1305677
1309106
2136690
1758840
1358386
1788094
1768941
1892335
2567944
1877582
3138953
1296907
1295641
1768185
1768194
1768195
1292371
1308820
1396313
25732109
26425490
1293962
3268821
1821306
3344674
1309154
3077413
2298926
1293897
1301088
1304430
2266070
2141597
1417430
1433358
1507144
1485255
22519250
24696982
1298617
6435936
26101915
25942606
25884680
26369121
26339792
3631341
1960313
3075985
3337007
4247616
24722217
24906764
25427005
3820184
6999738
6875263
1300857
26323079
21804818
24532410
26266978
2265778
6526718
4202135
6506716
5450873
3583182
3525473
1439540
4249392
4043781
2296027
4020501
2142702
3215640
1292647
19964948
2326458
3782316
1308790
1305248
2274323
2030112
2228823
25728739
3182844
1301939
1304140
4230131
3415993
1974102
24383278
2133482
1459102
6973643
2237344
4811766
2344555
4156867
21350962
25800699
6386986
3094580
1295368
25821467
6113797
5337537
25822272
20270795
25802495
2052367
1303672
1306591
1298602
2212176
1507140
1905577
3022209
2121813
3252301
6863975
3749046
2222721
6527249
1506761
10438140
1422934
2057046
5967821
1316532
26366455
3580624
4816602
10562987
3718323
1299595
4708013
3195105
3011052
2301125
3077754
1474727
1441822
1918789
23122315
26279382
1807495
3558869
1782799
1786357
1466342
4605190
10756953
1303399
1303998
2035115
1298361
2173210
1451773
1867742
1867744
1401761
1870264
2132430
2362662
4933719
1424661
2132424
1915385
1301288
1506818
1302824
1305693
3289347
1923488
1305249
1478037
1410828
3773524
1439083
1293669
1295166
1498463
2142735
1917409
2133429
1308286
2080746
1308429
1790586
1417536
1417042
1465759
1305970
17658236
2147081
11601048
1302959
2153076
1298182
3596509
1308207
1302340
3305722
1308657
3391736
1467549
1420074
1295295
26313625
2058846
4308001
2222710
1307038
1303452
1306683
4166390
1938112
25868997
1936810
10520357
1292786
1296196
1300985
1303090
1337287
1307278
3112632
1440347
3112650
4011679
2027967
3249742
1768158
6836880
1307812
1301946
1459054
1301136
1297979
1306021
5975318
2365010
1768229
1429106
1308311
24883815
10577611
3078238
22992045
5155935
20280034
24298979
3001170
25756259
1293078
4824965
6873250
6013383
3804388
3161809
3161859
2275078
1949138
2131237
11510501
20284639
4913194
1422357
2075355
25822412
2239662
5341842
4123744
4123755
4728540
5341843
1947793
1950238
4933725
3714084
2078696
5352670
3716874
3791012
2996625
24873798
1303012
1300949
1295533
1887385
1903652
1931316
1924439
2267052
2228249
4174503
1768753
1765018
2326047
3260439
3732797
19973815
20513059
1307138
1301800
24875621
1506900
3055430
1935787
1416870
20452272
1945064
1401595
25863669
21329877
26276385
26289827
25934067
1293941
1432031
1778500
1300179
10757685
21340186
26275494
1458708
1597958
1309022
1302300
20415234
1734243
2328599
2190339
20451121
2132493
1767819
1297644
2079244
1889645
1749019
3266615
1421775
1293547
1292500
3114134
1951209
3988887
1439656
1431980
10472602
3694952
1870578
11587751
3040954
14221805
2347267
22993602
1304261
25706772
1784076
1756243
6790951
4059087
4933195
1301085
22519252
3408923
1296992
1305456
11636423
25851619
1308985
19967777
25859605
26012110
1969401
3009165
1439921
4189640
2173840
26667672
26660996
24845637
25986685
3271280
1420278
1416906
1300692
1972483
3286400
1307087
2075129
1441233
1305896
1981645
1299790
1470856
1304309
11501400
11519235
1475649
2345106
2216955
4892342
1417947
1297289
1300407
1308016
4844814
4907860
3893840
3774937
3153848
1408146
5288903
10573485
1470765
1470734
24523683
3156086
4023250
3212965
4849711
1887447
1408101
1987463
1937470
4307623
1304826
1580620
3096161
3011289
5152503
3015835
2043465
1353725
2275370
19961289
2287522
4194983
10604256
2245868
2242694
1848219
6527814
1466592
5992865
2298753
3767405
10484008
3143042
2979243
2080578
1861159
6778688
1475453
1840501
3837596
1468080
1299441
1428301
1308976
1294548
2148619
2256043
1758581
2136389
1434179
2364833
25880216
10460153
5316774
4741254
22277464
1431690
1306506
3901451
25819681
24861520
4826765
1303010
1308846
1308645
1763825
1765138
20498240
19944003
10590718
11592958
4876722
4217424
4160343
25986677
1308936
1301132
10741221
2978773
25965949
6959177
1419942
10543667
1292619
1307358
2028819
1298075
1432307
6067601
5156693
22263364
25929981
6768838
3557399
2298964
1823382
1459755
1822518
1823386
1998756
4195683
3022103
1442068
4313292
1299839
1304080
6869783
25747016
4126925
3011984
2090440
2132316
3070889
1925059
1918601
1304357
26169829
5392258
6863948
25875027
5163999
25912600
1309056
1295387
1947296
25745752
21340202
5154496
20284838
25834945
20507023
1432616
5162264
2346340
11499803
2147866
10604573
20278045
6126460
2975945
2301701
6146956
4883276
3699260
20445130
2080639
3646397
4268441
6002969
5257960
4925432
6957739
24256440
25798216
11540750
1307941
1307047
11504693
6900094
19997950
10508874
4817018
25762254
1299598
1870587
1870576
1870571
1869518
2341339
3641492
3642882
3642826
3642862
6527283
24736797
3642300
3003366
26392217
4728565
25725759
25866216
5190815
4225893
10540260
10528337
10486193
21363262
1995466
24872048
25779805
19974871
10774716
19971638
11523454
6392615
6724861
6963624
4741265
3778272
1805914
2921818
3739752
3682058
21340773
1863756
1844077
1844079
1845344
1306769
1959001
1948946
6874456
21363757
5950116
2086391
1908244
1458846
11498832
10439286
1605218
25879450
3659454
1856043
1866062
1907101
6514105
10755160
10764054
24697539
3217149
24708106
25761527
25732548
2125651
2157044
25747461
26259652
10439267
20326475
25748467
26338819
10771324
3003369
21349347
5125177
19899736
7059758
10440197
6080755
3660133
5157400
1480808
2034128
21334544
6533014
25807588
25700812
26373623
25815854
1316505
1307490
6973377
10543695
4009921
4009916
4172602
1798010
25986984
26280073
6724057
25724856
2080633
2156085
2039358
2142628
2153088
11610450
20276953
24913189
5031972
3218774
26021910
10486534
26085838
25979794
6120489
25734007
5165081
21370595
6900440
4093317
10763202
26364085
25893506
6021204
5401704
6787912
1935795
1459457
1875404
1459088
3014660
11600264
5150874
5154033
6097353
3293328
4732320
24869807
25913178
1303397
25963331
4910870
25749925
2281633
4067237
20399328
2070439
1947274
2032379
26340126
1466688
3449361
2603353
26611040
5152804
6873136
5402497
3617933
2209944
3058561
5973992
1485417
2083834
1301055
3149597
1305073
1306507
3025200
1864786
1441893
1861162
1304204
1938276
1309238
10605978
24752302
26395043
4217426
3215102
3878017
3735663
2123439
10432325
4708025
3218248
26383160
4884122
1298377
2980436
1294934
11625097
25880244
6973460
11593056
24880051
10436029
23766551
1449962
1482063
1420053
1293227
2020530
2246784
3731280
20470094
20453074
21327513
4223309
2380535
4111514
1292347
1751547
2049544
2049559
25908042
2037991
25960138
1938160
5360241
5359973
5282528
5356190
1876329
26635082
1798530
4913678
1999396
1928994
2004545
26261086
25961195
1308384
1308742
10553095
24851523
10508914
25956857
25838462
5352872
10833925
25831891
5361556
4328460
1921026
3388174
3408340
2213698
5342069
4074206
25749978
10487214
4910179
4067285
3263283
3145384
5265130
6506066
6428117
5395270
4724644
4764321
4265843
5327463
4185683
10460165
5196482
4834207
4315434
2567971
5173100
1963573
3687604
4291261
1441500
1939392
2043290
6013863
1939521
5193573
4059077
4230999
3637760
1794692
2148257
2230906
24875641
25941956
3888376
20399194
1940669
2046458
1301656
1294389
1780941
1780938
1783045
1783046
1963202
2567521
4889489
1793264
5360242
3324438
1856831
1830189
1950810
1827042
6393350
3062857
4149296
4830500
19976317
5915346
1303586
3075209
1759388
1297601
1905790
1305952
1303913
1303823
2134920
11594984
2059317
5356810
3065429
6722873
1300689
6876029
2046022
1768524
1308842
2325873
5500708
4092661
1759192
25716065
6874110
25710165
10573678
20470030
6432150
10802013
1416907
2336735
24751110
22966167
10545080
2130093
2222373
1906260
5154022
5968304
1297243
1292592
1297946
5240733
1293235
5294421
4901702
5450898
6383542
25825336
26678006
3283185
5156558
5294363
3568432
26274972
5394682
1307245
10748307
1293119
1757729
3773973
11630412
3773977
3768186
3642308
26147199
10549265
3189911
1401601
1395445
1306875
7058603
4707528
7154430
4721276
20280326
25716087
20433454
1291858
1464535
3274648
3334390
5265182
6905209
6432152
1793781
26575143
6147233
20266562
1428055
1297972
1303912
1305498
2019216
1401602
25985476
1926452
5342065
1963679
3806869
10864759
1915568
3314869
5110302
11531189
25700838
26279166
25728722
25769243
4097412
6957293
25787208
10580689
26279849
4825002
3445520
24870486
1293276
5915985
1296208
1307690
1296436
3272905
25896901
6129679
25765429
25746253
6083103
25785880
3730742
1481856
6873160
1859835
2138431
25907090
3808792
1307810
1304174
1428934
3715253
3057471
5332674
3134577
25790555
26430698
19965453
24747868
11594985
25720438
3024847
3024412
2150209
3739740
3098111
1303996
1294587
1869829
24748919
1294420
2979523
1868881
1303377
1306418
1294680
2361553
3161007
25919345
25919348
22723959
5257270
1479872
1416301
1301621
1293249
1292335
1769507
1945781
4176642
1316694
1442740
1294612
1790418
4860757
1297484
2346317
1295090
1302375
3073760
4722906
2346326
2078410
1294440
2083950
2078283
1298690
1304682
1295185
1808221
2078404
1296573
1293754
1781431
3391085
1296417
1440060
5240678
1303137
1482088
1301760
2348503
2349387
2173209
1293347
20445137
2326685
25760254
20437566
2286165
1779252
1434203
20268721
3069345
2053556
25706376
1783537
3284386
4294243
2136444
1295522
10491675
2333709
2346314
2346823
2346812
2346316
2346330
3059440
26160013
10833662
6068518
3578923
3598215
1903800
1871046
1871049
1871045
1870574
1296159
1292556
1306554
1300694
1830126
3058385
1855204
3058386
1830130
2346826
2117911
22980179
11598979
1798473
24703962
2031332
1452142
1452487
1920084
1761021
1485078
3408170
1475558
5364976
2244480
1764286
3044396
3293224
25881888
19997909
25786067
1309122
1293519
3034485
1306980
1440939
1300928
1825930
20516791
11606331
21958826
3290395
3035120
1494703
26352711
3897329
1811479
2043702
20278816
4913655
24695878
1417728
1432701
6855041
3836586
4827355
3082639
1294816
5174893
26471165
4882626
4127640
3243746
1903839
1307229
3449019
1761140
5179148
5985941
3543741
20495646
3197010
2335602
26371583
3647064
24861720
10521668
25876698
11506914
10756867
21617551
10827162
7053671
4139909
26429442
25773351
1776572
1420009
10553086
26314636
4160525
4133255
10748492
4962094
2978052
3552978
1938590
2149638
2281018
4813642
25830637
20497882
25963443
25876115
6852389
10466281
2153324
6894260
21328115
6309365
3034304
3034725
10590722
1856492
6059006
4061292
5119929
2067528
3834077
3539125
11507154
6727345
26273476
5294678
26670652
6038750
24867839
24843196
6857805
26644599
25912399
2213899
6753532
1472229
5436043
4319429
25661500
25719294
1296945
1294107
7065184
10569866
20445319
23780577
25778413
19897315
5905749
2357232
5046039
1849306
4851944
5359969
3713725
10727633
3911665
10562262
25696994
4917707
4219841
6815117
4233892
4604914
6849069
6855757
6743468
1307712
2147867
3000166
4737719
3012039
4905788
10480981
2006568
11589771
2080058
5958591
1963909
6799195
2333940
26584810
1963071
5250598
3143048
6558338
5308216
3767915
11594972
5345358
4728527
5345364
2155095
25868114
1817342
4212211
1301065
1472915
5353133
1295707
1295087
1479219
3111648
2141916
4824246
4238267
4908507
4034922
21360414
21355749
10748065
26347926
25753131
25812749
26585849
24736540
26253641
5323139
5345360
6003072
4821028
5345361
4721289
4073752
5063960
19899558
2301433
1299315
1307414
1958190
1482701
1304401
2130143
1307572
1986026
5361560
5951227
20435136
1296615
25739246
1507748
1871290
1305037
1423044
1784912
1298808
25800836
1296983
1420017
1300979
25830925
1984772
1306054
1294949
5342066
4156857
10438922
24839144
23766546
23035067
6780925
1303760
1300348
26415289
26410718
26597803
26344983
26388551
26588762
26372991
26317287
26298757
26311900
1829268
25757795
3073584
3797128
1308199
1294696
1297910
1298014
4123742
4728539
4728533
1307177
25842478
4910183
6126442
10755598
3725401
3826531
5351983
5167328
4316606
6798110
1294099
21334724
10730048
3732138
2364091
3291927
3642840
1861135
1297151
10438928
25667493
2310056
2342564
2310059
2276934
2279704
21340180
1293426
1307242
19973403
25828585
26276794
11595220
10514806
2367890
3794418
26085790
24670834
1301119
1438302
5151067
5325335
5152894
7046520
6876002
25810185
24875419
25795793
5339128
25660403
1401390
1294086
4831508
2075358
3212367
5339127
6003081
5343606
2129042
1983125
1297363
1418613
1305352
1293788
1756651
1947804
2244536
1419342
5063933
6984036
5337543
10741653
3389719
6110547
4149467
4727521
3699257
5995921
4910802
1998563
1461079
3421479
1777689
2065450
1999451
3005629
1466595
25824852
10480952
20391229
24877012
24838437
6876032
10342943
3900086
5402131
1468960
24876063
26050200
3167891
3754997
1793760
2267713
1307099
1947520
3319688
1295479
1756744
24750935
4133820
3844469
3866345
25792848
26594694
3659286
3058366
20388683
10428498
1295356
1299815
11232682
4894061
2279211
1763688
6900569
1961866
25804457
25783060
19944572
26575857
25663134
4802714
5382863
4881337
1303360
6284547
3272906
5166933
6402144
19929503
25780606
10594943
3882445
6952123
6971296
4827445
6984075
3086804
3724123
6974320
1866061
3818949
1849302
1401911
1863099
5308225
21359266
11636291
6796190
1422176
2244541
3011105
3428413
5044456
20494264
5153144
5173857
3671938
2243999
1999147
1918318
1481871
1308937
25711135
1472337
1306004
1292898
6129462
3072804
2347475
1483581
4236902
3732716
6890411
20388455
20427233
3212291
11629302
25982456
20451280
4207602
7059776
1308698
3041533
3988903
1423001
20259971
20285269
10867061
5356349
19964166
20268926
11534756
1305149
1306303
1292228
1305083
2995215
1479855
3080140
1305695
1962973
1294330
1293737
1301707
3244591
11604043
11625198
24879300
3230168
21371671
19964017
24744567
10440015
4807769
19897593
5989685
1433577
1306179
1966999
10438927
6727324
25779392
5155021
25910776
1474734
1293444
1779061
1301604
1944929
20514839
6724942
2279524
26166714
3218691
10769698
24717815
1306461
11507121
20452309
25823176
24873460
4891772
3725361
3284768
5159495
10540059
25925163
3077847
2043434
3286507
3428545
2245767
5980101
7059775
5289355
6890268
4268316
5366728
1307210
1298677
1303952
2332473
6811867
6390827
1449779
1941326
1826588
19976906
5160097
6971015
4831627
2230684
19946144
3715260
3670908
4144667
21355946
24753757
19999409
26127877
1300541
1299480
1292207
1307714
3262918
21767183
2054276
1306450
1302272
1437094
1758391
1292979
1478280
3819486
1865009
1939670
1856679
3582181
22265299
2065021
1465086
1459720
5997157
1293639
3804208
1475401
2039838
1475404
1428074
2301145
3438358
6875636
3166568
25755768
1296847
1295680
1292675
3425324
2977439
3056290
1302017
1293273
1305235
3070654
1305322
3347104
2079017
3415804
1298350
1578698
3008669
1401135
1419901
2343802
1851906
2065241
1947557
1829519
10741865
5265178
3066323
1293422
1401962
1308035
1294488
1292633
4889483
6858722
5285695
3389748
1903471
3635979
10458378
3659300
25878784
10437865
3244547
1980881
1774354
1292762
26580842
10810353
1982526
1883406
6265645
4135730
5256306
4132334
2971912
3264445
2246464
2099693
6877688
6730010
6432166
11614417
4172522
20495861
4127694
5359975
3093621
1448734
1863789
3744888
1867793
1292608
1299082
1295610
1296262
26416330
26433151
11523167
2160490
1900574
1793237
1845338
1297996
1292832
6989767
5157355
20415233
1296527
1294581
1294920
1459804
2060171
3671960
3899162
3202170
2378635
1851187
4116987
3861833
3009077
2246799
5446197
20257765
3001600
1975692
3394878
4074216
1756652
2027004
3543324
26317165
6439454
26356168
4728556
26378136
1845905
2070580
26365391
20399323
4074745
10604570
26356473
3009053
2081429
2059824
6738795
2032987
3149040
3403204
5279591
6068497
4059652
1448736
5154799
6828823
25995508
26184605
10574473
24706485
25905116
10574474
1295827
2989812
4842994
2010975
1308269
21770888
25853123
23387071
25808816
6876154
3284247
3818853
26042888
11632544
26276373
3592853
1303916
2268541
2301738
26581749
24875622
3903333
19899710
5294428
22994239
1753539
20375183
10527232
24700703
26282462
10355625
4160477
1305329
1293419
1293132
2046818
1828287
1512415
10755166
19897538
21338557
10527255
3811373
1298525
1299621
1394466
1982041
1848925
2044382
1875298
1747260
1799561
3283221
1921014
1298154
1293225
1303773
1307917
1293091
1292919
2972134
1889796
7162552
4016468
3369359
1295984
1299892
5150818
1915808
1905305
2281021
1300608
1305282
1796292
1305134
10594934
1421863
2268963
1301138
1863791
1461359
4328471
1918881
1906688
1904882
3778263
1468161
1900337
4036358
2542022
23858917
2232434
6001033
4009954
4930401
20437203
2148948
1721200
2374946
1958168
2269983
2122767
3160325
2132445
1306259
3042107
1417543
1806894
1806846
1298595
1806924
1433185
1806876
1432357
2239246
3237758
1432212
25819782
2208889
5341822
1962789
4016562
1998218
1998222
3284257
5985911
5154555
