1303173
1293374
1305690
1291875
1296987
1291832
1292434
1305164
10537853
1292268
21937445
1292233
1291818
1292365
1291841
1394218
3319755
1862151
1291853
25798222
1292269
1780330
1292229
1292064
1292218
1294300
1292722
1293088
21937452
1292262
3732800
1304447
2209573
1291548
5964718
1292065
1297192
1291990
1299603
1295644
1291546
1293566
21360417
1291580
1292528
1292994
1293182
1297447
2334904
6985810
1292052
1292646
10777687
1292275
1291828
2132220
1292224
1292328
1308777
3792799
3541415
3011091
1292233
1308741
1293350
1295124
1900841
3804891
3793023
4861627
1292343
1296339
1292348
1291568
25917973
1298624
4023638
3075287
4230918
1291557
5908478
1306939
1292764
6080840
1292656
1303037
1297574
1303394
3011051
1293889
5977835
1292402
1292062
2213597
1291999
1291832
4826419
1291870
1292214
1293839
1292001
1298385
1292720
1292222
1292063
1397546
1300616
1292213
6786002
1303173
1777612
1296141
1291545
1292338
3006309
1297630
11525673
1293964
1292925
1291879
1299799
1294144
1291549
3743114
1849031
3742360
1292217
1291875
1297862
1300992
1316510
1301169
1299062
1295409
1299361
1907966
1291578
1291562
1293731
1316565
1306249
21318488
2020975
1292223
1292553
1806543
1756073
1292895
10462925
1306029
1299398
1296519
1301616
1299131
3205624
6538833
5960606
1303418
3041749
6019180
4798707
1292329
1306861
1292574
5364952
1301459
1292728
1292208
1299166
24879820
1293374
25750969
1293698
6537486
3011308
1316572
1301509
1959195
1299231
4739952
1294408
1294746
1305903
1793929
2131459
2297265
1388216
1293544
1806555
1305725
1291822
1323749
4920528
1652587
4917726
5322596
1292778
1296736
3824672
1298241
1889243
1294699
1308575
1950148
1291843
24750126
5250349
4913185
1293749
1293527
1309163
10537853
1297518
3072086
4902937
1301171
2133323
24405378
1485260
1780330
1291560
1295399
1307739
6307447
1298653
3287562
3274505
1438652
6534248
2222996
1296987
1851857
6722879
1294433
1294584
3073124
1433990
1388176
4914468
4746257
1306032
3006772
3789848
2003389
1297606
3168089
1291842
2367134
3731581
1295686
1308476
1452560
1295873
1416904
11026735
1295070
1292396
1296909
1292060
1292401
3233635
4066125
1323746
1299436
25955491
2353023
1417545
1469049
1293434
1303877
6846495
3178770
2053515
24875534
3145126
1307265
1293181
1437342
1308074
1308817
1296217
25932086
1937257
1295045
1307766
21937450
1291579
2030739
2355582
1293945
1293846
1293381
1291586
1308162
4230878
1300374
6536180
25807345
1306870
1297294
3120171
1295460
4206357
1293213
1301753
1309206
1295872
1299080
1294570
1292352
1292468
1301231
10741643
1293399
1296235
1294140
1293172
1292504
3157605
10463953
1300282
1294039
1295451
1301746
1295728
1301230
2132917
1292288
1293167
1929463
1293155
1305158
25864085
1291571
1292697
1297102
6803494
1298905
1294323
1292812
1292330
7065154
6549903
3011235
1297418
10485647
3023164
1300056
1300618
2139766
2976111
1302467
1301617
1291844
2357302
1308086
3060325
5972040
1441238
1771288
1293013
1298973
1428208
1418076
1796778
1300043
1432972
1418200
1790239
5247058
2365260
1972729
1920805
1303285
2129039
1401118
1301216
1295995
2209575
3642843
1293936
1291561
1778678
1293394
5344178
1291976
3338821
3395373
1303408
1292659
1292515
2033187
1300352
1300117
4915857
2124586
1858711
3805953
1307584
1295647
1293460
5681006
1793491
1779498
1292056
1303388
1306607
1434283
1292280
1867345
4304402
1422914
1293820
1297441
1293753
2300586
3769423
1498811
1294181
4091548
1298345
1298744
1293359
2357162
1297531
1302642
1292465
25817712
3992376
1298351
1292267
1303630
11599147
1293608
10467774
1292932
10533913
1298817
6390823
1293270
1296821
1440703
11584019
1294418
1293708
2044089
1920796
4202982
3011049
1296157
1292649
1866479
3552028
1294595
2156296
1416877
1947266
1301122
2170916
3603547
3011414
19973780
1980405
3284397
1298884
4016948
1295753
1293256
6985986
4829835
1303561
1298320
1302077
10521648
1297127
1464368
3103418
10577869
1295684
1303465
1963070
24708811
1293908
3181788
1309016
4915107
4116480
1959277
1298733
3566709
10808442
25954475
10830069
1308708
1297991
10437779
1307372
1307535
1310175
1296272
4798888
25773932
1294589
2076181
1293824
10535568
25787888
4301274
1291575
2363506
6845667
6097775
3236904
1292326
24741412
1844413
1297478
7059671
24751756
1300966
1294371
1353745
1302205
1400829
1295646
1292279
1322674
25867546
1305790
1297995
1293342
4168733
1298191
25766754
1298026
1303543
1298043
1306449
3005367
23761370
1419984
1292238
6874403
1297007
3009161
3336237
1293683
25724855
1291839
25757182
26393561
25745651
10773239
1305579
3592854
19945757
1294345
1292226
1300555
1299103
1293175
1291850
1303186
1424639
25823132
21770915
1303164
1302431
1298261
24815950
1301678
1294183
25859495
3071604
4202302
1309012
5985888
1293388
1296835
5975206
1892333
4832288
1306666
1299952
1294138
10571509
1302675
1306848
1794171
1307542
3707070
1292211
4925455
1970437
1422091
1291559
1293071
1292047
1296703
1292719
1292049
1298655
1303577
1303562
3056430
2301079
3718460
1293492
1300787
3649049
1418519
2265494
1473562
1295328
1361276
2136824
2988103
3193460
1293234
1294979
3217169
3431802
1309078
1389915
1296399
1293973
1419958
4164444
1301537
1300306
1424654
1295287
2997094
1757945
1414806
1294991
1471740
1418691
1292760
1294477
1309109
1293118
1440954
1294901
1295416
1300267
2969582
1761172
4016551
1292342
3723814
1308583
1293929
4237043
1326538
1297347
1422024
3040026
1296753
2237378
1296043
1300741
1293919
1305605
3586511
1292969
4300525
4268610
1768647
26259677
1295865
1470499
3115106
1946651
6880497
1305487
1291840
1418158
25919910
1958031
1309135
1307332
1401585
1291846
20441632
1422940
22265121
5450891
1292349
1296577
1303001
1294998
24869803
1793764
1291854
1297200
2016065
1401385
1295815
26304167
3012385
1292286
3586725
1297440
1297229
1828568
1303362
1292370
1889393
2376413
1419520
1292287
1293569
10484041
1418834
1493913
1297918
3637305
1302082
3530403
1437422
5322572
4305436
1303087
1761851
1389924
1767709
1299288
6724974
1303600
1301359
1294580
1293320
1293203
1301859
25858604
1293818
1298128
5924366
1291859
1325958
25855951
6799159
1303531
1292943
1302425
6511042
19955828
2077287
1456503
1304056
1292212
1309017
1299513
1306019
1306069
1306914
1293428
1292981
1294978
1293455
1401842
1298870
1301425
4286017
1292784
1433360
24325923
1401894
6985803
1291572
1304073
1298759
1966182
1301867
1298070
2464346
1294639
2156069
1291583
1295991
1293530
3338879
3008672
1308807
1303545
1295452
1793200
1297359
1292337
1306564
1298521
1578507
1303495
1295614
3111355
1293564
1444511
1470600
1421469
1294925
1307593
1963067
1298880
1858268
1756584
1292908
1299243
25745494
1294737
1309085
1298308
1300426
1470614
1302827
2977766
1292681
3285642
1295211
3023717
3068206
1299608
1299663
1303043
1292579
5401681
1293310
1294005
1307931
1301620
1906298
26419637
3436615
1295785
3153894
3444558
1303089
2216966
1298591
5989818
1296137
1293695
1305080
1424627
3136240
6772519
7064681
25750820
1303066
6887029
1389949
1309116
1401915
25738406
1300894
10754780
1293120
1401269
1299287
4848115
3059582
3236458
3833816
1292703
1304102
3560787
7564972
1294754
3158564
1299433
1945780
1769033
2240990
1302100
3299241
1307474
1291857
25845397
4066127
1298331
1292699
2992881
2053339
25958704
1302349
1899630
1309099
25882861
1958400
1296845
24397586
1419982
1292585
26277313
1293632
1292210
1299560
1293776
2079735
1293341
1309183
1292450
1293767
1299628
3780369
1292897
1296697
2144501
10757577
1483646
1863766
1296798
1298877
5355159
1973480
24714535
1297920
1307639
1301890
3228134
5996409
1292850
3011072
2361269
1293271
1308779
1297716
1361254
1296936
6856067
1476698
5681026
1306049
5387025
1783772
4206436
1297585
11500954
1296908
25881067
1474788
25750824
4253447
1303815
25750823
1305857
3430694
1439463
5433231
1294490
2239222
1294048
4158027
3728249
1874094
3071517
3212221
25908051
1297201
3711725
3358309
25741398
1295068
1296455
1297368
4099231
4603382
3532670
3796613
1299582
6518638
1424631
10439553
1755767
1772560
25955872
3110635
1293823
1472510
2274776
1298107
1741405
1418677
1307135
1294724
1420083
2268267
1864339
25931626
1292466
1305323
1428067
2077782
1418671
1308815
1302167
1293847
1873269
1299136
1293400
1417885
3290644
1295812
1308457
1305531
1299446
1293412
3707151
24753685
4103021
1293590
2242156
1401261
1300143
4074143
24522843
2990737
10438697
1293177
4843480
1293004
26059437
25895901
1433633
25942234
1293377
1300551
25853639
20645098
1957795
3021213
11533347
1839718
3622646
1316560
3008671
1850797
1926142
1293493
1469239
2027938
3008143
11606328
3012012
1296674
5153883
1424622
1292289
1437390
2362701
5385724
4316668
1306626
1477917
1291868
1481917
1303680
1315574
1306183
1295038
1473128
1769048
1308530
1296636
20515892
1295801
1437391
1291587
1890572
1300375
1308018
5387045
1307853
3007826
4881274
1462370
5158101
3026357
1761854
20415226
1292660
1858233
1857175
20451129
1300790
1309219
24869461
6799133
5423352
2377262
10430875
2336737
1857933
1427034
1299904
3291178
2251569
1763939
1966126
5967829
1506769
3992966
6814906
1427038
1419445
1421737
1294461
1295320
10455077
1305367
1300685
1297756
1401920
2342530
1303637
1297839
3792508
1301689
25837574
1462631
1299176
1298202
1291552
5941455
1778624
1419362
1432660
24751154
1297965
5151820
1301033
1474738
6999855
1292941
11538029
1767604
1306025
2006364
23431760
1471586
1309195
24312655
1467806
4074158
7015793
1293505
20415231
3448242
1306814
1300064
26279366
6798389
1494928
5268675
4293680
1959855
1427356
6397173
1292765
1305337
1401378
6894263
3203808
1299067
1305086
1307921
26245360
6518714
1291585
3054150
4145549
1307811
4221633
1296852
4935242
26184109
1441889
3564499
1296284
3073198
1862595
1441189
1448758
5423362
3057368
1960257
2133409
1322848
1789292
2268042
1401906
2038174
1294169
4038374
1303026
1422951
1293150
1297112
1921583
1305288
1305552
1305791
1296067
1293692
1309071
2141760
1299900
1293764
1444502
1962116
1296610
3233751
1294627
1308972
25785114
3033085
1476755
10741871
21356379
1296634
1307260
1295742
2266113
2267155
3734112
1294000
1292881
1307012
1307973
3243344
2146945
1295518
1439488
7061185
1470390
1420268
1856875
1307249
1917252
1299607
1298561
1300977
2299846
25829829
25932513
1469105
1303065
1765272
1297476
3005365
1758482
1433556
6902929
4917906
1294753
1419271
3442857
2058121
1752181
4022091
1308619
6226837
1498629
4007879
1308778
3060582
5913837
1298468
5326589
1974407
3416676
3405642
1292397
1309215
2240855
24869399
1294100
1578723
1301098
1783062
25802322
1841467
3637220
1292735
2253586
1417215
1306378
25825863
1824003
1297643
6877520
1853272
3360087
1292757
21351006
5208150
1296242
1295148
1966355
1302868
10617158
1307687
2264077
1299125
2028417
1428007
10793719
1301582
2383044
1850465
1418052
3006092
4179007
1936563
3572062
4826409
22853670
6010171
3230195
1419136
20470074
6829660
1308628
20451124
1301806
3533870
1866354
10355329
1316698
1438425
3993498
2028027
1937946
1827018
25747689
1457219
3034034
1296666
1297792
1294047
2282456
1299092
1438746
1293838
1292509
1908181
3273441
1292667
25884416
1292877
1309003
1940094
1295414
1958926
1305095
1421778
1720137
1474974
26242647
3892180
1463224
1800626
24754082
1506770
1457768
2111619
3195735
4319017
1440174
1506760
1305620
1294971
1421739
1898223
23062125
1763691
1408103
1291852
1794184
1301106
25783854
2979552
1756489
1303034
7015732
1434269
1892826
25662049
4097377
1303340
1418408
1294139
3221369
1307320
5968334
1470403
6126757
3897734
1304603
1906051
1441030
1860656
2244169
10546696
1307548
1440030
25761178
3008715
1434550
2089388
1309100
1765933
1304971
1294366
3569996
1851767
1306634
20433471
1303145
1296218
1300266
1303485
1308579
3397503
1308865
10743804
1295187
1295920
1301013
1294376
1305223
1467923
2036794
1395080
1437909
1457435
1470395
24522640
2301179
4071781
5090799
3725295
10945551
1908182
4172514
1303036
1864740
6003428
1963965
2077706
1297193
1297356
1983973
1298703
3158778
1903478
1798412
1947270
1291829
1417067
6781964
1897967
2351870
1293236
1301798
3174114
1416895
1299851
1294638
6395463
1292529
1294917
1329957
6873875
1293497
2328234
1418696
1305549
1419203
1823360
1297399
1421822
3094544
1440058
4312211
1292597
1297424
3095375
3716265
1294808
1306002
4145487
6412608
1303654
3441474
3044937
1401384
4832887
1420215
3690419
1292891
1949082
1847588
6778368
4783582
1293323
3290421
3158864
1306505
3658392
4102971
2173334
1906779
5155169
2996158
2272493
3749947
5959251
4215668
1780932
4070625
3142482
1780843
7015798
5365461
3285632
1769827
1580642
6801386
2000675
23775627
4305081
1417049
20000085
25843331
7161717
1297549
6861857
1293618
5392075
10485939
1865026
1296581
6001038
1307176
1864318
2302518
24741151
1294042
26303622
1732388
6037981
3675105
1294712
1408099
5981875
3025993
26078872
1863102
1292321
1292950
3238187
1418157
5157603
7015730
25834500
20426944
4839418
2216151
20254243
25830908
11600252
2043546
11026617
5912779
3662553
21945191
25876119
1481913
1920141
11528235
6521884
1299999
21327875
4906297
1300493
10472718
3025452
1300090
1293046
11600065
2223463
1889053
24704954
7065117
1294768
3725324
1951108
1876031
1298550
1466278
5250321
2996640
1945253
1440214
1776964
1305530
7015728
4249355
1307493
11523471
3036460
2059213
1305615
1296805
4216541
1309036
4319218
1302005
5360889
3228094
3154910
3730219
1768192
7015729
3670997
1401196
1484012
1441479
6129661
2975682
2070512
1309221
3443395
1455959
1419168
25972855
6397558
1294609
3162138
1981804
1873225
5109774
2121854
4876176
1438039
10617175
1981973
1296266
1470396
25972488
2380987
3097352
20398972
2361826
1950821
25763481
6905208
1299588
1428071
2068327
2369845
1968675
25824781
1900858
2998463
5938000
2143781
1919245
10432362
1829853
3103413
4936669
1433567
1427622
1294516
5381796
2272497
10441247
1297311
1506867
2969529
1829537
4103481
4930406
4710562
4751270
3005588
6041122
5151230
25905034
1507134
2155447
19955871
26276504
1908036
2008239
6851218
1304310
1795525
10464511
1303426
1297126
1441039
3141467
3026786
1296659
1296872
1308595
1295656
5157240
1768217
1401240
1870062
1457567
1308710
1306490
3175623
1306483
1293934
3250887
1297602
3603156
1306987
1293745
1440975
1870811
1768214
2244529
1794367
20471819
1476976
1986722
11613507
1918382
1419880
1889906
2077716
3988578
1464520
1296388
1302512
3014622
1428368
1302235
3154392
1298778
1297274
1301027
3309770
1293146
3173635
1401913
3177929
1303364
1303328
1866097
1292050
2255927
3047617
1296538
26392309
1295720
1963605
1306559
1871531
22520519
5154001
1915403
1873374
2335122
6113797
1636456
1293237
1759338
2146087
1306031
3660907
1947285
20270795
10491659
2084436
25752416
4832341
1293050
2078262
1293981
2337182
4172537
1401342
1296976
3119248
1417847
1823385
1918449
1299932
3636373
2063530
1469415
1460853
1307951
1507140
1938515
1758894
1844805
1818751
1580592
2150780
1438081
1476987
1461018
1469497
2144256
3711683
1419052
1479209
3076706
2222721
3008401
1291989
6527249
1484729
10438140
2074494
2035152
6791675
3630615
4731049
1301279
6885817
6780840
3143038
1936919
5679778
1304006
26366455
3324128
1303016
6730005
3580624
3033831
3744715
1296557
1458468
1295672
1306326
1765795
2063528
2997283
1308078
6772982
4196245
3884019
4946963
1297052
1916114
1856928
4043745
1292872
3163541
1295530
3443074
1474405
1951386
1870576
3069363
1300939
1294498
3742966
1302794
1870571
1296684
3804388
1418640
3161809
24719853
1293199
1291588
1440624
1298508
3642882
2275078
3642862
11510501
4741271
1874383
21354074
10487676
1298485
3617545
2982145
3602132
1296528
4914616
3732368
25785204
1439242
1459912
3017480
1297146
24526777
3391850
1418245
3263472
5905774
5954055
5374414
1432700
10955310
6531262
3288129
4883300
2046579
1308686
1995466
1316627
3390931
1438584
1292216
1498818
3999757
2040166
25969201
5131645
5939160
1296461
1499895
1298275
3563241
1766041
1300395
1294291
1298638
3823425
1295268
1408100
1887385
1293718
2117844
4741265
11527487
1302659
3875888
3778272
1301923
2935729
2338160
1297131
4018288
2360568
3161658
1302930
4892642
1301429
1850806
5193839
5380183
2081682
1309060
1863756
1292963
24872615
2025154
4739712
1438247
1848200
1299795
3986713
10772258
11520649
10439904
3075937
2326047
3399559
1306769
1929546
3744753
1447000
1959001
1432639
5157872
3732797
1476989
5993186
25947297
26582012
1305814
1417235
1298851
1291565
1308510
1297797
1937190
2257820
1506900
3586642
1306568
1304939
4959621
3055430
